p0 3 3 18
p3 5 1 19
p1 5 4 24
p2 6 3 19
p5 8 3 21
p4 9 4 27
p6 9 3 25
p7 9 2 28
p8 13 4 31
p9 13 3 17
p10 14 4 15
p13 15 2 19
p11 16 5 21
p17 21 4 35
p14 21 7 24
p16 24 7 19
p20 24 1 26
p12 24 11 30
p18 24 4 24
p21 26 3 29
p24 28 3 30
p19 30 9 40
p15 30 13 29
p23 33 8 44
p29 34 3 43
p33 34 1 52
p22 34 11 28
p30 34 1 33
p32 34 1 45
p26 34 6 32
p27 35 6 45
p28 35 5 47
p25 35 9 48
p34 35 1 40
p31 36 3 49
p36 38 1 40
p35 41 6 56
p37 43 6 55
p38 45 6 57
p39 46 6 43
p40 46 5 46
p43 48 3 46
p41 50 8 47
p44 50 5 57
p42 50 8 51
p49 52 2 69
p45 54 9 64
p50 54 4 68
p46 55 7 55
p48 55 5 53
p47 56 8 62
p54 56 2 73
p55 58 2 62
p52 58 4 65
p51 60 7 62
p53 60 6 63
p57 63 5 78
p56 63 5 62
p61 64 2 69
p62 64 2 78
p59 64 4 62
p58 65 6 75
p60 67 5 79
p65 68 3 73
p63 68 5 73
p67 70 3 74
p64 70 6 83
p69 71 1 85
p66 71 4 83
p71 72 1 74
p68 72 3 85
p70 72 1 92
p72 75 3 90
p73 76 3 92
p75 77 2 87
p74 77 3 91
p76 77 1 90
p77 79 2 83
p78 81 3 98
p79 82 3 93
p80 83 3 90
p82 84 1 87
p83 86 2 105
p81 87 6 87
p84 88 3 89
p87 89 2 106
p85 90 5 94
p86 90 3 106
p89 92 2 102
p90 92 2 105
p88 92 3 110
p92 95 2 102
p96 98 1 102
p93 98 5 97
p91 98 7 97
p97 99 2 102
p94 102 7 110
p95 103 7 106
p101 103 1 103
p98 103 4 113
p99 103 2 106
p102 107 5 120
p103 107 4 107
p100 107 6 110
p104 108 3 120
p105 108 3 113
p108 110 1 119
p109 112 3 127
p106 112 5 114
p107 112 5 117
p111 115 4 117
p112 115 3 121
p113 115 1 126
p110 115 5 117
p115 117 1 135
p116 117 1 120
p114 117 2 130
p117 121 4 134
p119 122 3 141
p120 122 2 125
p121 122 1 138
p118 123 5 132
p123 124 1 139
p124 126 1 136
p122 128 6 136
p125 129 4 147
p129 134 3 145
p128 136 7 139
p126 137 10 135
p127 138 9 140
p131 140 7 140
p132 142 8 141
p133 143 8 136
p141 143 2 158
p130 145 14 153
p138 146 5 156
p140 149 8 158
p134 149 14 141
p145 150 3 161
p135 151 13 145
p136 152 13 158
p146 153 4 161
p139 153 12 150
p137 154 15 151
p151 155 1 154
p144 157 11 161
p153 158 4 169
p142 158 15 147
p154 158 4 167
p150 159 6 163
p155 159 2 176
p147 159 8 162
p149 161 9 161
p143 161 16 157
p158 164 3 173
p160 165 4 169
p148 165 14 155
p152 167 13 166
p162 171 5 176
p161 173 11 181
p159 174 13 164
p156 175 18 170
p163 178 11 170
p164 179 11 185
p165 180 11 173
p157 180 20 172
p166 180 11 174
p178 189 7 192
p179 189 6 196
p171 190 17 185
p175 193 15 192
p169 195 24 184
p172 196 20 187
p167 196 27 175
p168 196 26 186
p170 197 25 185
p174 199 22 193
p183 200 12 187
p192 201 5 211
p184 202 13 202
p180 202 18 200
p193 203 7 203
p176 203 23 194
p182 204 19 193
p187 205 15 202
p173 205 29 183
p186 206 16 197
p197 207 2 202
p177 208 26 197
p189 209 18 210
p190 209 18 200
p181 209 24 198
p200 209 4 206
p191 209 13 212
p201 209 4 210
p202 209 4 211
p185 210 20 200
p195 211 15 207
p196 211 14 205
p207 211 2 222
p188 212 22 192
p205 212 3 221
p194 212 16 201
p199 213 8 204
p203 214 9 216
p198 214 9 220
p209 215 6 230
p211 217 4 229
p214 218 3 229
p204 218 13 215
p210 219 7 228
p206 219 10 212
p217 220 1 225
p213 221 7 226
p215 221 4 232
p208 221 12 224
p216 222 4 238
p219 224 2 229
p218 225 6 237
p212 225 11 234
p224 230 4 233
p227 230 2 231
p220 232 10 228
p223 232 8 234
p225 234 8 230
p228 235 4 239
p221 235 13 227
p222 235 12 242
p235 236 1 241
p232 236 1 252
p230 237 4 251
p226 239 12 244
p234 240 5 252
p229 241 10 234
p231 241 8 243
p237 243 4 247
p233 243 8 246
p238 243 4 260
p239 244 5 256
p236 246 8 246
p241 247 5 253
p242 247 4 254
p243 248 3 250
p245 248 3 250
p240 248 6 258
p244 250 5 257
p246 251 5 266
p247 252 5 269
p249 253 3 262
p251 254 2 269
p250 255 3 268
p248 255 7 263
p252 256 2 266
p254 257 3 269
p255 257 1 275
p253 258 4 259
p258 262 3 261
p259 263 3 268
p256 264 7 262
p257 265 7 263
p262 267 3 277
p263 267 3 277
p260 268 6 277
p264 268 4 275
p261 270 8 275
p267 272 5 278
p269 274 5 291
p265 274 8 279
p266 274 7 281
p271 276 4 289
p268 276 7 280
p270 281 10 275
p274 285 11 286
p272 286 13 282
p278 287 5 293
p273 292 18 291
p285 295 5 305
p275 295 17 295
p283 295 8 302
p276 295 17 293
p288 297 5 299
p287 297 6 293
p293 298 2 304
p282 298 11 295
p279 298 15 297
p280 300 17 303
p290 300 6 305
p277 301 22 294
p291 302 7 308
p281 302 17 296
p286 302 11 303
p296 303 5 305
p298 303 5 304
p297 304 6 318
p284 304 16 304
p289 305 12 312
p300 305 2 302
p301 305 2 304
p292 305 10 306
p294 305 8 317
p295 305 8 309
p302 306 3 324
p299 306 3 303
p303 308 4 313
p305 309 4 315
p304 310 6 309
p307 313 5 324
p308 313 4 316
p306 314 8 310
p311 315 3 329
p309 317 6 317
p310 317 5 332
p316 323 6 336
p313 326 11 319
p312 326 13 327
p317 327 8 337
p314 329 13 321
p315 329 13 333
p321 330 6 331
p319 332 12 328
p323 333 6 337
p328 335 3 339
p325 337 8 341
p318 338 18 340
p326 339 8 335
p327 339 7 337
p320 339 19 339
p330 340 6 334
p336 343 4 353
p324 344 16 339
p334 344 7 342
p322 346 21 345
p340 346 4 345
p332 346 11 336
p342 347 2 345
p329 347 14 346
p331 348 14 343
p338 348 7 352
p335 349 11 351
p339 349 8 357
p345 349 3 360
p333 349 13 346
p337 350 10 347
p344 352 6 348
p343 352 6 359
p350 353 2 352
p347 354 4 358
p348 354 3 360
p341 354 10 350
p352 356 2 359
p349 357 6 365
p354 357 3 360
p346 357 10 358
p353 358 4 366
p357 360 1 365
p351 360 6 362
p355 360 3 377
p356 360 3 359
p359 361 1 361
p358 362 2 377
p360 363 3 368
p362 366 4 372
p364 367 3 381
p361 367 5 366
p363 368 4 372
p365 368 3 371
p367 369 1 379
p368 370 1 373
p366 372 5 378
p371 372 1 388
p372 374 2 374
p373 375 1 377
p369 375 6 386
p370 375 4 393
p374 378 4 386
p376 379 2 379
p375 384 8 396
p382 385 3 397
p377 389 12 390
p378 389 10 393
p381 389 7 395
p384 389 3 393
p386 390 2 402
p385 390 3 404
p379 391 10 403
p380 391 9 399
p390 392 2 411
p383 393 8 406
p388 393 4 398
p387 395 6 393
p389 395 6 398
p391 395 3 399
p392 401 7 401
p400 404 2 416
p393 404 10 399
p394 404 10 415
p395 406 10 418
p399 406 5 419
p396 406 8 416
p404 408 3 410
p398 408 8 409
p401 408 6 411
p402 408 6 421
p397 408 9 416
p405 408 1 417
p406 408 1 418
p403 409 4 411
p407 410 3 422
p408 410 1 415
p410 411 1 425
p409 411 2 413
p411 413 2 419
p412 417 5 428
p414 421 6 429
p413 422 8 435
p416 422 5 426
p417 422 3 440
p420 423 2 435
p415 423 7 422
p418 424 4 424
p419 424 4 423
p421 424 3 440
p423 430 6 427
p428 431 1 434
p422 432 8 439
p425 432 5 439
p424 433 7 438
p426 433 6 446
p432 434 2 434
p427 434 6 447
p431 435 3 439
p429 435 5 451
p430 439 7 440
p438 445 5 450
p433 446 13 447
p443 449 3 448
p434 449 15 448
p435 450 13 444
p444 451 4 456
p445 451 4 455
p436 452 15 457
p442 452 7 451
p448 453 2 452
p439 453 11 446
p449 454 3 459
p440 454 11 450
p441 454 10 457
p447 454 3 455
p437 455 15 445
p451 455 4 453
p452 455 1 461
p454 457 3 465
p456 459 1 461
p446 459 11 454
p450 460 9 467
p457 460 2 467
p455 461 4 461
p459 463 2 468
p453 464 10 457
p460 464 2 479
p461 468 6 479
p462 469 4 481
p458 469 11 472
p465 471 4 481
p463 472 7 467
p464 474 8 481
p466 476 9 486
p467 477 10 471
p476 482 4 480
p473 482 6 493
p469 483 14 478
p479 484 2 487
p478 485 5 481
p474 486 9 496
p468 486 17 486
p472 488 13 476
p470 490 18 474
p471 491 16 495
p480 491 9 492
p477 492 13 489
p475 494 16 498
p485 495 7 488
p484 497 11 503
p481 497 13 502
p482 498 14 495
p488 498 9 509
p489 499 10 495
p493 501 5 496
p490 501 9 501
p483 503 17 502
p487 503 14 505
p496 506 5 503
p498 508 5 520
p486 510 21 500
p503 512 5 514
p499 513 9 516
p492 513 18 505
p500 513 8 513
p491 514 21 497
p506 515 4 509
p507 515 4 524
p510 518 5 530
p505 518 8 518
p509 520 8 522
p497 523 21 507
p502 523 16 524
p494 523 25 505
p495 523 24 518
p504 523 14 522
p511 524 11 514
p519 524 3 537
p508 526 14 525
p521 527 3 525
p501 528 22 515
p522 528 4 543
p523 533 9 526
p520 533 10 532
p512 534 18 528
p513 537 19 533
p514 538 20 524
p524 539 10 528
p529 540 8 537
p515 540 21 526
p516 540 21 524
p530 541 8 533
p517 541 21 527
p518 541 21 538
p533 542 4 537
p527 542 11 533
p538 544 5 545
p525 544 15 535
p534 545 6 541
p535 545 6 545
p526 546 15 550
p539 547 6 546
p537 548 9 543
p531 550 13 539
p532 550 13 536
p528 551 20 538
p545 552 5 562
p536 553 14 554
p544 553 7 557
p540 553 11 543
p541 555 13 559
p546 556 9 551
p543 557 11 551
p542 558 14 554
p550 563 10 555
p553 564 10 566
p551 565 12 556
p556 565 6 567
p560 566 3 568
p547 566 17 553
p559 566 3 580
p552 567 13 564
p548 567 14 560
p549 567 14 560
p561 567 3 574
p557 568 7 578
p558 568 6 574
p554 568 13 561
p566 569 2 571
p555 569 13 560
p564 569 3 576
p563 569 4 570
p565 570 4 584
p567 571 3 587
p568 571 3 589
p562 571 7 566
p570 572 2 590
p572 573 1 582
p571 574 2 587
p569 574 4 589
p574 575 1 593
p575 577 1 589
p573 577 4 588
p578 580 2 586
p576 581 4 597
p579 582 3 583
p577 582 5 598
p581 585 2 602
p583 585 1 588
p584 585 1 605
p580 586 4 586
p582 586 3 604
p585 587 1 593
p586 588 2 595
p587 591 4 591
p589 592 3 602
p588 593 5 609
p591 593 1 610
p590 594 4 612
p593 595 2 596
p592 595 3 597
p595 597 2 607
p596 598 2 614
p594 598 4 607
p598 599 1 604
p597 600 2 607
p599 601 1 621
91139
