p0 3 3 18
p1 6 3 24
p2 9 3 19
p3 10 1 19
p4 13 3 27
p5 15 2 21
p6 17 2 25
p7 18 1 28
p8 20 2 31
p9 22 2 17
p10 24 2 15
p11 26 2 21
p12 29 3 30
p13 30 1 19
p14 32 2 24
p15 35 3 29
p16 37 2 19
p17 38 1 35
p18 39 1 24
p19 41 2 40
p20 42 1 26
p21 43 1 29
p22 46 3 28
p23 48 2 44
p24 49 1 30
p25 52 3 48
p26 54 2 32
p27 56 2 45
p28 58 2 47
p29 59 1 43
p30 60 1 33
p31 63 3 49
p32 64 1 45
p33 65 1 52
p34 66 1 40
p35 69 3 56
p36 70 1 40
p37 73 3 55
p38 76 3 57
p39 79 3 43
p40 81 2 46
p41 84 3 47
p42 87 3 51
p43 88 1 46
p44 90 2 57
p45 93 3 64
p46 96 3 55
p47 99 3 62
p48 102 3 53
p49 103 1 69
p50 105 2 68
p51 108 3 62
p52 110 2 65
p53 113 3 63
p54 114 1 73
p55 115 1 62
p56 117 2 62
p57 119 2 78
p58 122 3 75
p59 124 2 62
p60 127 3 79
p61 128 1 69
p62 129 1 78
p63 132 3 73
p64 135 3 83
p65 137 2 73
p66 139 2 83
p67 140 1 74
p68 142 2 85
p69 143 1 85
p70 144 1 92
p71 145 1 74
p72 147 2 90
p73 149 2 92
p74 151 2 91
p75 152 1 87
p76 153 1 90
p77 154 1 83
p78 156 2 98
p79 158 2 93
p80 160 2 90
p81 163 3 87
p82 164 1 87
p83 165 1 105
p84 167 2 89
p85 170 3 94
p86 172 2 106
p87 173 1 106
p88 176 3 110
p89 177 1 102
p90 178 1 105
p91 181 3 97
p92 182 1 102
p93 184 2 97
p94 187 3 110
p95 190 3 106
p96 191 1 102
p97 192 1 102
p98 194 2 113
p99 195 1 106
p100 198 3 110
p101 199 1 103
p102 202 3 120
p103 204 2 107
p104 206 2 120
p105 208 2 113
p106 211 3 114
p107 214 3 117
p108 215 1 119
p109 217 2 127
p110 220 3 117
p111 222 2 117
p112 223 1 121
p113 224 1 126
p114 226 2 130
p115 227 1 135
p116 228 1 120
p117 231 3 134
p118 234 3 132
p119 236 2 141
p120 237 1 125
p121 238 1 138
p122 241 3 136
p123 242 1 139
p124 243 1 136
p125 245 2 147
p126 247 2 135
p127 249 2 140
p128 251 2 139
p129 252 1 145
p130 255 3 153
p131 257 2 140
p132 259 2 141
p133 261 2 136
p134 264 3 141
p135 267 3 145
p136 270 3 158
p137 273 3 151
p138 275 2 156
p139 278 3 150
p140 280 2 158
p141 281 1 158
p142 284 3 147
p143 287 3 157
p144 289 2 161
p145 290 1 161
p146 291 1 161
p147 293 2 162
p148 296 3 155
p149 298 2 161
p150 300 2 163
p151 301 1 154
p152 304 3 166
p153 305 1 169
p154 306 1 167
p155 307 1 176
p156 310 3 170
p157 313 3 172
p158 314 1 173
p159 316 2 164
p160 317 1 169
p161 319 2 181
p162 320 1 176
p163 322 2 170
p164 324 2 185
p165 326 2 173
p166 328 2 174
p167 331 3 175
p168 334 3 186
p169 337 3 184
p170 340 3 185
p171 342 2 185
p172 344 2 187
p173 347 3 183
p174 350 3 193
p175 352 2 192
p176 355 3 194
p177 358 3 197
p178 359 1 192
p179 360 1 196
p180 362 2 200
p181 365 3 198
p182 367 2 193
p183 369 2 187
p184 371 2 202
p185 374 3 200
p186 376 2 197
p187 378 2 202
p188 381 3 192
p189 383 2 210
p190 385 2 200
p191 387 2 212
p192 388 1 211
p193 389 1 203
p194 392 3 201
p195 395 3 207
p196 397 2 205
p197 398 1 202
p198 401 3 220
p199 403 2 204
p200 404 1 206
p201 405 1 210
p202 406 1 211
p203 408 2 216
p204 411 3 215
p205 412 1 221
p206 415 3 212
p207 416 1 222
p208 419 3 224
p209 421 2 230
p210 423 2 228
p211 424 1 229
p212 427 3 234
p213 429 2 226
p214 430 1 229
p215 431 1 232
p216 433 2 238
p217 434 1 225
p218 436 2 237
p219 437 1 229
p220 440 3 228
p221 443 3 227
p222 446 3 242
p223 448 2 234
p224 449 1 233
p225 451 2 230
p226 454 3 244
p227 455 1 231
p228 456 1 239
p229 459 3 234
p230 461 2 251
p231 464 3 243
p232 465 1 252
p233 468 3 246
p234 470 2 252
p235 471 1 241
p236 474 3 246
p237 476 2 247
p238 478 2 260
p239 480 2 256
p240 483 3 258
p241 485 2 253
p242 487 2 254
p243 489 2 250
p244 492 3 257
p245 494 2 250
p246 497 3 266
p247 499 2 269
p248 502 3 263
p249 504 2 262
p250 506 2 268
p251 507 1 269
p252 509 2 266
p253 512 3 259
p254 514 2 269
p255 515 1 275
p256 518 3 262
p257 521 3 263
p258 522 1 261
p259 524 2 268
p260 527 3 277
p261 530 3 275
p262 531 1 277
p263 532 1 277
p264 534 2 275
p265 537 3 279
p266 540 3 281
p267 542 2 278
p268 545 3 280
p269 547 2 291
p270 550 3 275
p271 552 2 289
p272 555 3 282
p273 558 3 291
p274 560 2 286
p275 562 2 295
p276 564 2 293
p277 567 3 294
p278 568 1 293
p279 571 3 297
p280 574 3 303
p281 577 3 296
p282 579 2 295
p283 580 1 302
p284 583 3 304
p285 584 1 305
p286 586 2 303
p287 587 1 293
p288 588 1 299
p289 591 3 312
p290 593 2 305
p291 595 2 308
p292 598 3 306
p293 599 1 304
p294 602 3 317
p295 605 3 309
p296 606 1 305
p297 608 2 318
p298 609 1 304
p299 612 3 303
p300 613 1 302
p301 614 1 304
p302 616 2 324
p303 618 2 313
p304 621 3 309
p305 623 2 315
p306 626 3 310
p307 628 2 324
p308 630 2 316
p309 632 2 317
p310 634 2 332
p311 635 1 329
p312 638 3 327
p313 641 3 319
p314 644 3 321
p315 647 3 333
p316 649 2 336
p317 651 2 337
p318 654 3 340
p319 656 2 328
p320 659 3 339
p321 660 1 331
p322 663 3 345
p323 664 1 337
p324 666 2 339
p325 667 1 341
p326 668 1 335
p327 669 1 337
p328 670 1 339
p329 673 3 346
p330 674 1 334
p331 677 3 343
p332 679 2 336
p333 682 3 346
p334 683 1 342
p335 686 3 351
p336 687 1 353
p337 690 3 347
p338 692 2 352
p339 694 2 357
p340 695 1 345
p341 698 3 350
p342 699 1 345
p343 702 3 359
p344 704 2 348
p345 705 1 360
p346 708 3 358
p347 709 1 358
p348 710 1 360
p349 712 2 365
p350 713 1 352
p351 716 3 362
p352 717 1 359
p353 719 2 366
p354 720 1 360
p355 722 2 377
p356 724 2 359
p357 725 1 365
p358 727 2 377
p359 728 1 361
p360 731 3 368
p361 734 3 366
p362 737 3 372
p363 740 3 372
p364 742 2 381
p365 744 2 371
p366 747 3 378
p367 748 1 379
p368 749 1 373
p369 752 3 386
p370 755 3 393
p371 756 1 388
p372 757 1 374
p373 758 1 377
p374 761 3 386
p375 764 3 396
p376 765 1 379
p377 768 3 390
p378 771 3 393
p379 774 3 403
p380 777 3 399
p381 779 2 395
p382 780 1 397
p383 783 3 406
p384 784 1 393
p385 786 2 404
p386 787 1 402
p387 790 3 393
p388 792 2 398
p389 795 3 398
p390 796 1 411
p391 798 2 399
p392 801 3 401
p393 804 3 399
p394 807 3 415
p395 810 3 418
p396 812 2 416
p397 815 3 416
p398 818 3 409
p399 820 2 419
p400 821 1 416
p401 823 2 411
p402 825 2 421
p403 827 2 411
p404 828 1 410
p405 829 1 417
p406 830 1 418
p407 832 2 422
p408 833 1 415
p409 834 1 413
p410 835 1 425
p411 837 2 419
p412 840 3 428
p413 843 3 435
p414 845 2 429
p415 848 3 422
p416 850 2 426
p417 852 2 440
p418 854 2 424
p419 856 2 423
p420 857 1 435
p421 858 1 440
p422 861 3 439
p423 864 3 427
p424 867 3 438
p425 870 3 439
p426 873 3 446
p427 876 3 447
p428 877 1 434
p429 880 3 451
p430 883 3 440
p431 885 2 439
p432 886 1 434
p433 889 3 447
p434 892 3 448
p435 894 2 444
p436 897 3 457
p437 900 3 445
p438 901 1 450
p439 903 2 446
p440 905 2 450
p441 907 2 457
p442 909 2 451
p443 910 1 448
p444 911 1 456
p445 912 1 455
p446 915 3 454
p447 916 1 455
p448 917 1 452
p449 918 1 459
p450 921 3 467
p451 922 1 453
p452 923 1 461
p453 926 3 457
p454 927 1 465
p455 928 1 461
p456 929 1 461
p457 930 1 467
p458 933 3 472
p459 934 1 468
p460 935 1 479
p461 937 2 479
p462 939 2 481
p463 942 3 467
p464 945 3 481
p465 947 2 481
p466 950 3 486
p467 953 3 471
p468 956 3 486
p469 959 3 478
p470 962 3 474
p471 965 3 495
p472 967 2 476
p473 968 1 493
p474 970 2 496
p475 973 3 498
p476 974 1 480
p477 977 3 489
p478 978 1 481
p479 979 1 487
p480 981 2 492
p481 984 3 502
p482 987 3 495
p483 990 3 502
p484 992 2 503
p485 994 2 488
p486 997 3 500
p487 999 2 505
p488 1001 2 509
p489 1003 2 495
p490 1004 1 501
p491 1007 3 497
p492 1009 2 505
p493 1010 1 496
p494 1013 3 505
p495 1016 3 518
p496 1017 1 503
p497 1020 3 507
p498 1021 1 520
p499 1022 1 516
p500 1023 1 513
p501 1026 3 515
p502 1028 2 524
p503 1029 1 514
p504 1031 2 522
p505 1032 1 518
p506 1033 1 509
p507 1034 1 524
p508 1036 2 525
p509 1037 1 522
p510 1038 1 530
p511 1040 2 514
p512 1043 3 528
p513 1046 3 533
p514 1049 3 524
p515 1052 3 526
p516 1055 3 524
p517 1058 3 527
p518 1061 3 538
p519 1062 1 537
p520 1064 2 532
p521 1065 1 525
p522 1066 1 543
p523 1067 1 526
p524 1068 1 528
p525 1071 3 535
p526 1074 3 550
p527 1076 2 533
p528 1079 3 538
p529 1080 1 537
p530 1081 1 533
p531 1084 3 539
p532 1087 3 536
p533 1088 1 537
p534 1090 2 541
p535 1092 2 545
p536 1095 3 554
p537 1097 2 543
p538 1098 1 545
p539 1099 1 546
p540 1101 2 543
p541 1104 3 559
p542 1107 3 554
p543 1109 2 551
p544 1110 1 557
p545 1111 1 562
p546 1113 2 551
p547 1116 3 553
p548 1119 3 560
p549 1122 3 560
p550 1124 2 555
p551 1126 2 556
p552 1129 3 564
p553 1131 2 566
p554 1134 3 561
p555 1138 4 560
p556 1139 1 567
p557 1141 2 578
p558 1143 2 574
p559 1144 1 580
p560 1145 1 568
p561 1146 1 574
p562 1149 3 566
p563 1151 2 570
p564 1153 2 576
p565 1155 2 584
p566 1156 1 571
p567 1158 2 587
p568 1160 2 589
p569 1163 3 589
p570 1164 1 590
p571 1166 2 587
p572 1167 1 582
p573 1170 3 588
p574 1171 1 593
p575 1172 1 589
p576 1175 3 597
p577 1178 3 598
p578 1179 1 586
p579 1181 2 583
p580 1183 2 586
p581 1184 1 602
p582 1186 2 604
p583 1187 1 588
p584 1188 1 605
p585 1189 1 593
p586 1191 2 595
p587 1194 3 591
p588 1197 3 609
p589 1199 2 602
p590 1202 3 612
p591 1203 1 610
p592 1206 3 597
p593 1208 2 596
p594 1211 3 607
p595 1213 2 607
p596 1214 1 614
p597 1216 2 607
p598 1217 1 604
p599 1218 1 621
599
