p0 3 3 18
p3 4 1 19
p1 7 3 24
p7 8 1 28
p6 10 2 25
p5 12 2 21
p8 14 2 31
p13 15 1 19
p14 17 2 24
p17 18 1 35
p18 19 1 24
p10 21 2 15
p20 22 1 26
p21 23 1 29
p19 25 2 40
p24 26 1 30
p16 28 2 19
p23 30 2 44
p29 31 1 43
p30 32 1 33
p32 33 1 45
p33 34 1 52
p34 35 1 40
p26 37 2 32
p36 38 1 40
p27 40 2 45
p28 42 2 47
p11 44 2 21
p43 45 1 46
p9 47 2 17
p44 49 2 57
p49 50 1 69
p40 52 2 46
p50 54 2 68
p54 55 1 73
p55 56 1 62
p52 58 2 65
p56 60 2 62
p57 62 2 78
p61 63 1 69
p62 64 1 78
p59 66 2 62
p65 68 2 73
p67 69 1 74
p69 70 1 85
p66 72 2 83
p70 73 1 92
p71 74 1 74
p68 76 2 85
p75 77 1 87
p76 78 1 90
p77 79 1 83
p78 81 2 98
p79 83 2 93
p82 84 1 87
p83 85 1 105
p72 87 2 90
p87 88 1 106
p86 90 2 106
p89 91 1 102
p90 92 1 105
p80 94 2 90
p92 95 1 102
p93 97 2 97
p96 98 1 102
p97 99 1 102
p74 101 2 91
p99 102 1 106
p101 103 1 103
p98 105 2 113
p103 107 2 107
p104 109 2 120
p108 110 1 119
p105 112 2 113
p112 113 1 121
p109 115 2 127
p113 116 1 126
p115 117 1 135
p116 118 1 120
p114 120 2 130
p120 121 1 125
p121 122 1 138
p111 124 2 117
p123 125 1 139
p124 126 1 136
p119 128 2 141
p125 130 2 147
p129 131 1 145
p126 133 2 135
p127 135 2 140
p128 137 2 139
p131 139 2 140
p132 141 2 141
p141 142 1 158
p138 144 2 156
p133 146 2 136
p145 147 1 161
p146 148 1 161
p84 150 2 89
p140 152 2 158
p151 153 1 154
p153 154 1 169
p154 155 1 167
p155 156 1 176
p144 158 2 161
p147 160 2 162
p158 161 1 173
p160 162 1 169
p149 164 2 161
p162 165 1 176
p150 167 2 163
p159 169 2 164
p161 171 2 181
p163 173 2 170
p164 175 2 185
p73 177 2 92
p165 179 2 173
p178 180 1 192
p179 181 1 196
p180 183 2 200
p175 185 2 192
p183 187 2 187
p184 189 2 202
p186 191 2 197
p192 193 1 211
p187 194 3 202
p193 195 1 203
p189 197 2 210
p197 199 1 202
p190 200 3 200
p200 201 1 206
p201 202 1 210
p202 203 1 211
p191 205 2 212
p205 207 1 221
p195 208 3 207
p207 209 1 222
p196 211 2 205
p211 213 1 229
p203 214 3 216
p214 215 1 229
p215 216 1 232
p217 218 1 225
p199 219 3 204
p219 221 1 229
p209 222 3 230
p210 224 2 228
p224 226 1 233
p216 227 3 238
p227 228 1 231
p228 230 1 239
p218 231 3 237
p232 233 1 252
p223 234 3 234
p235 236 1 241
p225 237 3 230
p230 239 2 251
p213 241 2 226
p234 243 2 252
p237 245 2 247
p238 247 2 260
p239 249 2 256
p241 251 2 253
p251 252 1 269
p242 254 2 254
p243 256 2 250
p255 257 1 275
p254 259 2 269
p258 260 1 261
p247 262 2 269
p262 264 1 277
p263 265 1 277
p249 266 4 262
p245 268 2 250
p250 270 2 268
p252 272 2 266
p259 274 2 268
p264 276 2 275
p267 278 2 278
p278 280 1 293
p269 281 3 291
p166 283 2 174
p283 284 1 302
p285 286 1 305
p271 288 4 289
p287 289 1 293
p288 290 1 299
p275 292 2 295
p276 294 2 293
p293 295 1 304
p274 297 2 286
p296 298 1 305
p298 299 1 304
p282 301 2 295
p300 302 1 302
p301 303 1 304
p286 305 2 303
p290 307 2 305
p297 309 2 318
p299 311 2 303
p311 312 1 329
p291 314 2 308
p302 316 2 324
p305 318 2 315
p307 320 2 324
p308 322 2 316
p321 323 1 331
p309 325 2 317
p323 326 1 337
p325 327 1 341
p326 328 1 335
p327 329 1 337
p328 330 1 339
p330 331 1 334
p303 333 2 313
p319 335 2 328
p334 336 1 342
p336 337 1 353
p316 339 2 336
p317 341 2 337
p340 342 1 345
p342 343 1 345
p339 345 2 357
p324 347 2 339
p345 348 1 360
p347 349 1 358
p348 350 1 360
p350 351 1 352
p182 353 2 193
p352 354 1 359
p354 355 1 360
p338 357 2 352
p171 359 2 185
p357 360 1 365
p359 361 1 361
p358 363 2 377
p356 365 2 359
p353 367 2 366
p367 368 1 379
p364 370 2 381
p368 371 1 373
p371 372 1 388
p372 373 1 374
p373 374 1 377
p365 376 2 371
p349 378 2 365
p376 379 1 379
p344 381 2 348
p172 383 2 187
p382 384 1 397
p381 386 2 395
p384 387 1 393
p386 388 1 402
p355 390 2 377
p390 391 1 411
p385 393 2 404
p388 395 2 398
p391 397 2 399
p310 399 2 332
p400 401 1 416
p396 402 3 416
p399 404 2 419
p404 405 1 410
p405 407 1 417
p406 408 1 418
p401 409 4 411
p408 410 1 415
p409 411 1 413
p410 412 1 425
p403 414 2 411
p407 416 2 422
p402 418 2 421
p411 420 2 419
p420 422 1 435
p421 423 1 440
p414 424 4 429
p416 426 2 426
p417 428 2 440
p428 430 1 434
p418 431 3 424
p432 433 1 434
p419 434 3 423
p425 436 2 439
p431 438 2 439
p438 439 1 450
p435 441 2 444
p439 443 2 446
p443 444 1 448
p444 446 1 456
p445 447 1 455
p440 448 4 450
p447 449 1 455
p448 450 1 452
p449 451 1 459
p451 452 1 453
p452 453 1 461
p454 455 1 465
p441 456 3 457
p455 457 1 461
p456 458 1 461
p457 459 1 467
p459 460 1 468
p460 462 1 479
p442 463 3 451
p461 465 2 479
p332 467 2 336
p462 469 2 481
p465 471 2 481
p472 474 2 476
p473 475 1 493
p474 477 2 496
p476 478 1 480
p478 479 1 481
p479 481 1 487
p469 482 11 478
p480 484 2 492
p484 486 2 503
p485 489 3 488
p487 491 2 505
p490 492 1 501
p488 494 2 509
p493 495 1 496
p489 497 2 495
p496 498 1 503
p492 500 2 505
p498 501 1 520
p499 502 1 516
p500 503 1 513
p503 504 1 514
p502 506 2 524
p505 507 1 518
p506 508 1 509
p507 509 1 524
p509 510 1 522
p510 511 1 530
p504 513 2 522
p508 515 2 525
p511 517 2 514
p515 520 3 526
p519 521 1 537
p521 522 1 525
p522 523 1 543
p523 524 1 526
p520 526 2 532
p524 527 1 528
p527 529 2 533
p529 530 1 537
p530 531 1 533
p53 534 3 63
p533 535 1 537
p534 537 2 541
p535 539 2 545
p538 540 1 545
p539 541 1 546
p537 543 2 543
p540 545 2 543
p544 546 1 557
p545 547 1 562
p543 549 2 551
p546 551 2 551
p550 553 2 555
p551 555 2 556
p553 557 2 566
p556 558 1 567
p557 560 2 578
p559 561 1 580
p560 562 1 568
p561 563 1 574
p558 565 2 574
p563 567 2 570
p566 568 1 571
p564 570 2 576
p570 571 1 590
p565 573 2 584
p572 574 1 582
p574 575 1 593
p575 577 1 589
p567 578 3 587
p578 579 1 586
p568 581 2 589
p581 582 1 602
p583 584 1 588
p584 585 1 605
p571 586 4 587
p585 587 1 593
p579 589 2 583
p580 591 2 586
p591 592 1 610
p582 594 2 604
p586 596 2 595
p596 597 1 614
p598 599 1 604
p589 600 3 602
p599 601 1 621
p593 603 2 596
p597 605 2 607
p595 607 2 607
p590 610 3 612
p588 613 3 609
p577 616 3 598
p277 619 3 294
p576 622 3 597
p562 625 3 566
p569 628 3 589
p320 631 3 339
p143 634 3 157
p46 637 3 55
p273 640 3 291
p554 643 3 561
p552 646 3 564
p541 649 3 559
p548 652 3 560
p270 655 3 275
p265 658 3 279
p134 661 3 141
p536 664 3 554
p135 667 3 145
p532 670 3 536
p531 673 3 539
p526 676 3 550
p136 679 3 158
p518 682 3 538
p516 685 3 524
p514 688 3 524
p513 691 3 533
p482 695 4 495
p495 698 3 518
p246 701 3 266
p494 704 3 505
p248 707 3 263
p464 710 3 481
p244 713 3 257
p60 716 3 79
p483 719 3 502
p481 722 3 502
p470 725 3 474
p42 728 3 51
p117 731 3 134
p471 734 3 495
p468 737 3 486
p466 740 3 486
p233 743 3 246
p206 746 3 212
p226 749 3 244
p107 752 3 117
p220 755 3 228
p31 758 3 49
p437 761 3 445
p427 764 3 447
p222 767 3 242
p423 770 3 427
p45 773 3 64
p2 776 3 19
p424 779 3 438
p4 782 3 27
p412 785 3 428
p415 788 3 422
p12 791 3 30
p389 794 3 398
p63 797 3 73
p194 800 3 201
p398 803 3 409
p100 806 3 110
p394 809 3 415
p392 812 3 401
p204 815 3 215
p51 818 3 62
p106 821 3 114
p380 824 3 399
p379 827 3 403
p102 830 3 120
p369 833 3 386
p94 836 3 110
p47 839 3 62
p363 842 3 372
p361 845 3 366
p362 848 3 372
p91 851 3 97
p351 854 3 362
p346 857 3 358
p343 860 3 359
p95 863 3 106
p335 866 3 351
p333 869 3 346
p329 872 3 346
p41 875 3 47
p322 878 3 345
p318 881 3 340
p315 884 3 333
p314 887 3 321
p312 890 3 327
p88 893 3 110
p306 896 3 310
p304 899 3 309
p157 902 3 172
p152 905 3 166
p294 908 3 317
p167 911 3 175
p64 914 3 83
p587 918 4 591
p148 921 3 155
p281 924 3 296
p38 927 3 57
p446 930 3 454
p555 933 3 560
p142 936 3 147
p542 939 3 554
p257 942 3 263
p528 945 3 538
p525 948 3 535
p260 951 3 277
p517 954 3 527
p253 957 3 259
p272 960 3 282
p497 963 3 507
p486 966 3 500
p122 969 3 136
p467 972 3 471
p240 975 3 258
p436 978 3 457
p236 981 3 246
p130 984 3 153
p450 987 3 467
p430 990 3 440
p433 993 3 447
p429 996 3 451
p422 999 3 439
p212 1002 3 234
p110 1005 3 117
p229 1008 3 234
p198 1011 3 220
p393 1014 3 399
p168 1017 3 186
p383 1020 3 406
p378 1023 3 393
p188 1026 3 192
p366 1029 3 378
p231 1032 3 243
p375 1035 3 396
p374 1038 3 386
p181 1041 3 198
p176 1044 3 194
p174 1047 3 193
p331 1050 3 343
p170 1053 3 185
p85 1056 3 94
p313 1059 3 319
p37 1062 3 55
p81 1065 3 87
p295 1068 3 309
p284 1071 3 304
p156 1074 3 170
p292 1077 3 306
p280 1080 3 303
p261 1083 3 275
p266 1086 3 281
p137 1089 3 151
p256 1092 3 262
p22 1095 3 28
p139 1098 3 150
p475 1101 3 498
p25 1104 3 48
p458 1107 3 472
p434 1110 3 448
p426 1113 3 446
p413 1116 3 435
p397 1119 3 416
p387 1122 3 393
p35 1125 3 56
p370 1128 3 393
p377 1131 3 390
p360 1134 3 368
p337 1137 3 347
p173 1140 3 183
p169 1143 3 184
p177 1146 3 197
p15 1149 3 29
p279 1152 3 297
p512 1155 3 528
p58 1158 3 75
p491 1161 3 497
p477 1164 3 489
p453 1167 3 457
p221 1170 3 227
p208 1173 3 224
p39 1176 3 43
p185 1179 3 200
p341 1182 3 350
p592 1185 3 597
p594 1188 3 607
p547 1191 3 553
p501 1194 3 515
p118 1197 3 132
p48 1200 3 53
p395 1203 3 418
p289 1206 3 312
p549 1209 3 560
p463 1212 3 467
p573 1215 3 588
p268 1218 3 280
625
