p0 3 3 18
p1 4 3 24
p3 4 1 19
p5 7 2 21
p2 7 4 19
p6 9 3 25
p4 9 4 27
p7 9 2 28
p8 11 2 31
p10 12 2 15
p9 12 2 17
p11 14 3 21
p13 15 2 19
p14 16 2 24
p12 16 4 30
p17 19 2 35
p18 20 2 24
p16 21 4 19
p20 22 1 26
p21 23 1 29
p15 23 7 29
p19 24 4 40
p23 26 2 44
p24 26 2 30
p22 26 4 28
p27 29 2 45
p25 30 5 48
p26 30 3 32
p28 31 3 47
p29 31 1 43
p30 32 1 33
p32 33 1 45
p31 35 4 49
p33 35 2 52
p34 36 2 40
p36 38 1 40
p35 39 4 56
p37 42 5 55
p40 45 3 46
p38 45 6 57
p39 45 6 43
p43 46 1 46
p41 49 7 47
p42 49 7 51
p44 49 4 57
p49 51 2 69
p45 53 8 64
p46 56 8 55
p50 59 8 68
p54 59 3 73
p47 60 12 62
p55 60 3 62
p48 61 12 53
p52 63 9 65
p56 65 6 62
p51 65 13 62
p61 65 3 69
p57 66 7 78
p62 66 3 78
p53 66 11 63
p59 66 5 62
p60 67 5 79
p58 68 7 75
p65 68 3 73
p63 70 5 73
p67 70 3 74
p64 71 6 83
p69 71 2 85
p66 71 4 83
p70 72 1 92
p71 72 1 74
p68 72 3 85
p72 74 2 90
p73 75 2 92
p74 76 2 91
p75 76 1 87
p76 77 1 90
p77 78 1 83
p78 80 2 98
p79 81 2 93
p82 84 2 87
p83 85 1 105
p80 85 5 90
p81 86 5 87
p84 87 2 89
p87 89 1 106
p85 90 5 94
p86 90 2 106
p89 91 1 102
p90 91 1 105
p88 92 4 110
p91 94 3 97
p92 94 1 102
p93 95 2 97
p96 98 2 102
p97 98 1 102
p95 101 6 106
p94 101 7 110
p98 102 3 113
p99 102 2 106
p101 103 2 103
p100 107 7 110
p103 108 5 107
p105 113 8 113
p102 115 12 120
p104 115 10 120
p108 115 5 119
p112 117 3 121
p109 119 8 127
p106 119 11 114
p113 119 3 126
p107 120 11 117
p111 122 10 117
p115 122 4 135
p116 122 4 120
p120 123 1 125
p121 124 2 138
p114 124 7 130
p110 124 13 117
p119 126 4 141
p123 126 2 139
p124 127 1 136
p117 127 9 134
p118 127 9 132
p125 130 4 147
p122 130 8 136
p129 133 2 145
p126 133 6 135
p127 135 7 140
p128 135 6 139
p131 139 8 140
p132 140 6 141
p133 142 7 136
p130 142 11 153
p134 143 7 141
p135 144 7 145
p141 144 3 158
p138 145 5 156
p137 146 9 151
p136 146 9 158
p140 147 6 158
p145 147 1 161
p139 148 7 150
p146 149 3 161
p144 152 6 161
p142 153 11 147
p151 154 1 154
p143 155 9 157
p147 156 7 162
p153 157 4 169
p149 159 9 161
p150 160 8 163
p148 164 15 155
p154 164 6 167
p155 164 6 176
p158 164 3 173
p160 165 3 169
p152 168 15 166
p162 169 4 176
p159 171 10 164
p156 172 13 170
p161 174 11 181
p163 175 8 170
p164 176 8 185
p157 177 17 172
p165 177 9 173
p166 178 9 174
p167 181 12 175
p171 181 6 185
p168 181 12 186
p172 181 5 187
p169 182 10 184
p170 182 9 185
p178 182 1 192
p179 182 1 196
p175 182 5 192
p174 183 6 193
p173 183 7 183
p180 184 3 200
p176 184 7 194
p177 184 7 197
p182 187 5 193
p184 188 4 202
p181 189 7 198
p183 190 6 187
p186 192 5 197
p187 192 5 202
p189 193 3 210
p190 194 4 200
p185 194 8 200
p192 194 2 211
p191 196 5 212
p188 198 8 192
p193 198 3 203
p197 199 1 202
p195 201 5 207
p196 203 6 205
p194 205 10 201
p201 206 3 210
p200 206 5 206
p199 207 6 204
p202 207 3 211
p198 207 9 220
p203 208 4 216
p205 208 2 221
p207 211 3 222
p206 214 8 212
p211 215 1 229
p204 215 9 215
p214 216 2 229
p209 216 6 230
p215 217 1 232
p210 217 4 228
p208 218 9 224
p213 218 4 226
p212 219 5 234
p217 219 2 225
p216 219 3 238
p219 221 1 229
p218 222 3 237
p220 225 5 228
p224 228 3 233
p223 228 4 234
p227 229 2 231
p225 230 4 230
p221 230 8 227
p228 231 1 239
p222 232 9 242
p226 235 9 244
p232 236 3 252
p230 237 5 251
p229 238 8 234
p235 239 4 241
p234 241 6 252
p231 242 10 243
p237 245 6 247
p233 245 11 246
p238 246 6 260
p239 247 7 256
p241 249 8 253
p242 249 5 254
p236 249 10 246
p245 251 5 250
p240 251 10 258
p243 251 5 250
p247 252 3 269
p244 254 8 257
p246 254 8 266
p251 255 4 269
p249 256 6 262
p248 256 7 263
p250 256 5 268
p255 257 1 275
p252 257 3 266
p254 258 3 269
p253 259 5 259
p258 262 3 261
p259 264 5 268
p256 265 8 262
p263 268 2 277
p262 268 3 277
p257 268 9 263
p264 269 2 275
p260 270 8 277
p261 270 8 275
p267 271 4 278
p265 272 5 279
p266 273 6 281
p269 274 4 291
p268 276 6 280
p270 277 7 275
p271 277 5 289
p274 279 4 286
p272 279 6 282
p276 280 3 293
p275 280 3 295
p278 281 2 293
p273 281 6 291
p277 283 6 294
p279 286 6 297
p280 286 6 303
p283 286 2 302
p282 287 3 295
p285 287 2 305
p281 288 7 296
p284 289 5 304
p287 289 1 293
p286 290 4 303
p288 290 1 299
p290 294 4 305
p291 294 3 308
p289 295 6 312
p293 296 2 304
p292 298 6 306
p296 300 3 305
p300 302 1 302
p298 302 3 304
p301 303 2 304
p297 303 5 318
p294 303 8 317
p295 303 8 309
p299 304 3 303
p302 306 3 324
p303 308 4 313
p305 309 4 315
p304 314 9 309
p307 316 7 324
p308 317 7 316
p311 317 5 329
p306 318 11 310
p309 319 8 317
p310 319 7 332
p316 321 3 336
p312 321 9 327
p313 322 7 319
p317 322 4 337
p315 324 6 333
p321 325 4 331
p319 325 6 328
p314 326 8 321
p323 326 1 337
p320 327 7 339
p325 327 2 341
p318 328 9 340
p324 328 3 339
p326 330 4 335
p327 331 3 337
p328 332 3 339
p322 332 7 345
p330 333 2 334
p329 338 8 346
p334 338 4 342
p332 339 6 336
p331 340 8 343
p336 341 4 353
p340 345 3 345
p333 346 12 346
p342 347 3 345
p338 349 9 352
p339 351 10 357
p335 351 15 351
p337 351 12 347
p345 351 3 360
p350 353 3 352
p344 353 6 348
p347 353 3 358
p348 353 3 360
p341 355 12 350
p352 358 4 359
p349 358 8 365
p354 360 3 360
p343 360 14 359
p357 362 2 365
p359 363 2 361
p346 363 14 358
p353 365 9 366
p351 366 13 362
p355 368 10 377
p356 368 10 359
p358 370 10 377
p367 371 1 379
p368 374 4 373
p360 374 13 368
p364 376 10 381
p365 378 10 371
p372 378 2 374
p361 380 17 366
p371 380 5 388
p373 382 5 377
p362 382 18 372
p363 383 17 372
p376 384 6 379
p370 387 17 393
p366 388 19 378
p369 390 20 386
p382 392 7 397
p375 392 14 396
p381 393 9 395
p384 393 5 393
p390 394 3 411
p386 394 4 402
p378 395 15 393
p374 395 17 386
p385 396 7 404
p377 396 17 390
p379 398 17 403
p380 398 17 399
p383 398 12 406
p388 398 7 398
p387 400 10 393
p389 401 10 398
p391 402 8 399
p396 405 7 416
p394 406 10 415
p400 406 4 416
p392 406 10 401
p393 406 10 399
p395 407 11 418
p399 407 6 419
p404 407 2 410
p397 407 9 416
p401 408 6 411
p402 408 5 421
p403 408 3 411
p405 408 1 417
p406 408 1 418
p398 408 9 409
p408 410 1 415
p409 411 2 413
p407 411 4 422
p410 411 1 425
p411 415 4 419
p412 417 5 428
p414 420 4 429
p416 422 6 426
p413 422 8 435
p417 423 4 440
p420 423 2 435
p421 423 1 440
p415 423 7 422
p418 424 5 424
p419 424 3 423
p423 427 4 427
p422 427 4 439
p424 429 4 438
p425 430 4 439
p428 432 2 434
p426 433 7 446
p432 435 1 434
p427 437 9 447
p431 437 4 439
p429 439 9 451
p430 442 10 440
p438 444 3 450
p435 446 11 444
p433 447 13 447
p434 447 13 448
p445 448 2 455
p443 449 3 448
p444 449 3 456
p442 450 6 451
p436 451 13 457
p439 451 9 446
p440 451 9 450
p441 451 8 457
p437 451 11 445
p447 451 2 455
p448 451 2 452
p449 452 1 459
p451 453 2 453
p446 455 7 454
p452 455 2 461
p454 456 2 465
p450 456 5 467
p455 457 1 461
p456 458 2 461
p453 459 5 457
p457 460 2 467
p459 460 1 468
p460 462 1 479
p458 463 5 472
p461 464 3 479
p462 468 5 481
p463 470 7 467
p464 473 8 481
p465 473 7 481
p473 477 4 493
p466 481 13 486
p476 484 4 480
p472 484 11 476
p467 485 16 471
p468 485 15 486
p469 485 15 478
p478 486 4 481
p474 487 10 496
p470 487 17 474
p479 487 5 487
p471 490 17 495
p480 492 10 492
p475 493 14 498
p484 494 9 503
p485 494 9 488
p490 495 3 501
p481 496 12 502
p482 498 13 495
p477 498 17 489
p487 499 10 505
p483 499 14 502
p493 501 7 496
p496 503 4 503
p488 503 12 509
p489 503 12 495
p486 503 15 500
p492 504 11 505
p500 505 2 513
p498 505 5 520
p499 505 3 516
p503 505 2 514
p491 506 13 497
p505 507 1 518
p494 508 9 505
p495 509 10 518
p502 510 7 524
p497 510 10 507
p506 510 1 509
p507 510 1 524
p504 510 4 522
p501 510 7 515
p509 511 1 522
p510 511 1 530
p508 512 3 525
p511 514 3 514
p512 518 6 528
p513 523 9 533
p519 524 4 537
p521 524 2 525
p514 524 9 524
p522 525 3 543
p515 525 10 526
p520 526 5 532
p516 526 9 524
p523 526 1 526
p517 526 8 527
p518 526 8 538
p524 526 1 528
p527 530 3 533
p525 531 6 535
p529 532 3 537
p530 533 2 533
p526 534 7 550
p528 535 7 538
p533 536 2 537
p534 538 4 541
p532 539 6 536
p531 540 7 539
p538 542 3 545
p537 543 5 543
p535 544 7 545
p539 544 2 546
p536 546 8 554
p540 547 5 543
p544 547 3 557
p545 548 1 562
p541 548 6 559
p543 549 5 551
p542 550 8 554
p546 552 5 551
p550 554 4 555
p547 556 9 553
p556 557 1 567
p548 557 7 560
p549 557 7 560
p551 557 5 556
p553 560 5 566
p552 562 8 564
p554 563 7 561
p555 563 7 560
p559 563 2 580
p557 563 5 578
p560 563 1 568
p558 563 4 574
p561 563 1 574
p562 566 4 566
p563 567 4 570
p566 567 1 571
p564 568 3 576
p565 569 4 584
p568 570 2 589
p567 570 3 587
p570 572 1 590
p571 575 4 587
p572 575 2 582
p574 576 2 593
p569 576 6 589
p575 579 3 589
p578 581 2 586
p573 582 8 588
p581 584 2 602
p576 586 9 597
p579 586 6 583
p584 586 2 605
p580 587 5 586
p577 587 9 598
p583 587 3 588
p585 588 1 593
p582 588 6 604
p586 589 2 595
p587 592 5 591
p588 594 6 609
p591 596 5 610
p589 596 6 602
p590 599 9 612
p593 601 7 596
p596 602 5 614
p598 603 3 604
p592 604 10 597
p595 604 8 607
p599 604 2 621
p594 604 10 607
p597 604 5 607
29543
