p0 3 3 18
p1 4 3 24
p3 4 1 19
p2 6 3 19
p7 8 1 28
p5 8 3 21
p4 9 4 27
p6 9 3 25
p8 11 2 31
p9 12 2 17
p10 12 2 15
p11 13 2 21
p13 14 1 19
p12 15 3 30
p14 16 2 24
p17 18 1 35
p18 20 2 24
p16 20 4 19
p15 22 6 29
p19 22 3 40
p21 23 2 29
p20 23 3 26
p24 26 2 30
p23 27 3 44
p22 27 4 28
p25 32 7 48
p26 32 5 32
p29 34 4 43
p30 35 3 33
p27 35 8 45
p28 36 7 47
p32 36 2 45
p33 37 3 52
p34 38 3 40
p36 41 3 40
p31 42 9 49
p35 45 8 56
p39 46 6 43
p43 47 3 46
p37 47 8 55
p40 47 6 46
p38 47 7 57
p44 49 4 57
p41 49 6 47
p42 49 6 51
p49 50 1 69
p45 51 5 64
p46 52 4 55
p50 53 3 68
p47 53 5 62
p48 53 4 53
p52 56 3 65
p54 56 2 73
p51 56 5 62
p55 57 2 62
p53 57 4 63
p57 59 2 78
p56 61 4 62
p61 63 1 69
p62 63 1 78
p59 64 4 62
p58 65 6 75
p60 65 4 79
p63 68 5 73
p65 68 3 73
p67 70 2 74
p64 70 6 83
p69 70 1 85
p66 71 3 83
p68 71 3 85
p71 72 1 74
p70 72 1 92
p72 75 3 90
p73 76 3 92
p75 76 1 87
p74 77 3 91
p77 78 1 83
p76 78 2 90
p79 81 2 93
p78 82 4 98
p80 84 4 90
p82 84 2 87
p83 86 2 105
p87 88 1 106
p81 88 7 87
p84 89 4 89
p86 90 3 106
p85 91 6 94
p89 92 2 102
p90 92 2 105
p88 93 5 110
p92 95 2 102
p91 97 6 97
p96 97 1 102
p93 98 4 97
p97 99 1 102
p94 101 7 110
p95 102 6 106
p99 104 3 106
p98 106 6 113
p101 106 3 103
p103 108 5 107
p100 109 8 110
p102 109 6 120
p104 109 3 120
p105 109 2 113
p108 109 1 119
p106 110 3 114
p107 111 4 117
p109 113 4 127
p112 114 2 121
p111 114 3 117
p110 116 5 117
p113 116 1 126
p114 117 2 130
p115 117 1 135
p116 117 1 120
p117 121 4 134
p119 121 2 141
p118 121 3 132
p120 122 1 125
p121 122 1 138
p123 124 1 139
p124 126 1 136
p122 127 5 136
p125 128 3 147
p126 132 5 135
p129 132 1 145
p127 132 4 140
p128 133 4 139
p131 134 3 140
p130 137 6 153
p132 140 8 141
p133 141 8 136
p141 149 7 158
p134 149 14 141
p138 150 11 156
p136 151 12 158
p135 151 14 145
p145 151 4 161
p140 153 12 158
p137 153 14 151
p146 154 5 161
p139 154 15 150
p144 157 11 161
p147 158 8 162
p151 158 6 154
p149 158 7 161
p150 159 8 163
p143 159 14 157
p155 160 2 176
p153 160 6 169
p142 161 16 147
p154 161 5 167
p148 164 14 155
p158 165 4 173
p162 165 1 176
p152 166 12 166
p160 166 3 169
p159 167 5 164
p161 167 4 181
p163 168 4 170
p156 169 11 170
p157 169 10 172
p164 170 4 185
p165 170 4 173
p166 172 5 174
p167 176 9 175
p168 178 9 186
p171 180 8 185
p172 184 11 187
p178 185 3 192
p169 185 15 184
p170 185 15 185
p175 188 10 192
p179 188 6 196
p173 192 19 183
p180 193 11 200
p182 196 12 193
p192 196 2 211
p174 197 21 193
p183 197 12 187
p193 198 3 203
p176 198 19 194
p184 198 13 202
p177 198 17 197
p181 198 14 198
p187 200 9 202
p186 200 11 197
p189 201 8 210
p197 202 2 202
p190 202 8 200
p191 202 8 212
p185 202 16 200
p195 204 6 207
p196 204 5 205
p200 204 4 206
p188 205 13 192
p194 205 9 201
p201 205 3 210
p202 205 3 211
p199 205 5 204
p198 207 7 220
p203 209 4 216
p205 210 2 221
p207 212 3 222
p204 212 7 215
p211 216 3 229
p209 216 6 230
p206 219 11 212
p208 221 12 224
p214 221 6 229
p215 222 5 232
p210 222 10 228
p219 222 1 229
p217 222 2 225
p213 223 9 226
p216 224 5 238
p218 226 6 237
p212 227 13 234
p224 228 2 233
p223 229 4 234
p220 229 8 228
p227 229 2 231
p225 229 3 230
p221 229 7 227
p222 229 7 242
p228 230 1 239
p226 232 5 244
p232 233 1 252
p229 234 5 234
p230 234 3 251
p231 237 6 243
p235 237 2 241
p234 238 3 252
p233 239 5 246
p237 244 7 247
p236 245 8 246
p238 245 5 260
p239 246 6 256
p242 247 3 254
p241 248 6 253
p240 249 7 258
p243 249 5 250
p245 251 5 250
p244 253 8 257
p246 254 8 266
p251 255 3 269
p247 255 7 269
p249 256 5 262
p250 258 7 268
p255 259 1 275
p248 259 11 263
p258 260 1 261
p259 261 2 268
p252 261 7 266
p254 262 7 269
p253 262 8 259
p256 264 5 262
p262 265 1 277
p257 266 7 263
p263 266 2 277
p260 267 5 277
p264 268 4 275
p261 268 6 275
p265 271 6 279
p267 273 5 278
p266 275 7 281
p269 277 6 291
p271 280 7 289
p268 281 11 280
p270 282 11 275
p278 283 3 293
p274 283 8 286
p272 287 14 282
p283 288 2 302
p275 288 9 295
p276 289 10 293
p273 290 15 291
p285 293 7 305
p277 297 17 294
p282 297 11 295
p287 297 6 293
p288 297 5 299
p279 297 17 297
p280 297 17 303
p286 297 11 303
p293 298 3 304
p290 299 5 305
p281 299 14 296
p291 300 5 308
p284 300 14 304
p296 300 2 305
p289 302 10 312
p298 302 4 304
p294 303 8 317
p295 304 9 309
p301 305 2 304
p297 305 7 318
p300 305 4 302
p292 305 10 306
p299 307 7 303
p302 310 7 324
p303 311 6 313
p305 312 5 315
p307 315 7 324
p308 315 7 316
p311 317 3 329
p304 317 11 309
p306 319 11 310
p310 320 7 332
p309 320 9 317
p313 326 11 319
p316 326 8 336
p317 326 8 337
p321 326 3 331
p312 326 12 327
p319 327 6 328
p314 328 10 321
p323 328 4 337
p315 329 11 333
p325 329 2 341
p326 330 2 335
p320 330 7 339
p324 330 6 339
p327 330 2 337
p318 330 9 340
p328 330 1 339
p330 332 2 334
p322 332 8 345
p329 334 5 346
p334 336 2 342
p332 337 4 336
p331 337 5 343
p336 338 2 353
p333 339 6 346
p340 342 1 345
p335 343 7 351
p337 344 7 347
p338 344 5 352
p342 344 1 345
p339 344 4 357
p341 347 6 350
p345 348 2 360
p344 349 3 348
p347 350 2 358
p348 351 3 360
p343 351 7 359
p350 352 2 352
p346 354 6 358
p349 354 4 365
p352 355 2 359
p354 355 1 360
p353 358 4 366
p357 361 2 365
p351 361 9 362
p359 362 2 361
p356 362 5 359
p355 364 7 377
p358 364 5 377
p367 373 4 379
p364 374 9 381
p360 375 14 368
p365 375 9 371
p361 377 14 366
p362 378 15 372
p368 378 7 373
p363 380 15 372
p371 380 6 388
p372 380 5 374
p373 381 6 377
p376 382 3 379
p366 387 19 378
p382 388 4 397
p369 388 16 386
p374 389 13 386
p384 390 2 393
p370 390 16 393
p386 391 3 402
p375 392 14 396
p377 393 14 390
p378 395 15 393
p381 395 11 395
p390 396 4 411
p385 396 8 404
p380 397 14 399
p383 401 16 406
p379 401 19 403
p388 404 12 398
p387 408 20 393
p391 409 15 399
p404 411 4 410
p389 412 20 398
p400 412 7 416
p405 412 5 417
p406 413 6 418
p396 413 13 416
p408 415 1 415
p409 416 2 413
p392 417 21 401
p393 417 20 399
p401 418 11 411
p402 418 11 421
p394 419 22 415
p410 419 4 425
p399 419 16 419
p397 420 20 416
p398 422 20 409
p395 422 24 418
p403 422 15 411
p407 423 15 422
p411 423 8 419
p420 425 3 435
p421 425 2 440
p414 428 12 429
p417 428 7 440
p418 429 8 424
p412 429 14 428
p419 430 8 423
p413 430 15 435
p416 432 12 426
p415 433 17 422
p428 436 3 434
p432 439 5 434
p425 439 11 439
p422 440 16 439
p423 440 16 427
p426 442 14 446
p424 443 16 438
p438 443 4 450
p431 443 9 439
p435 444 6 444
p427 445 15 447
p433 446 10 447
p429 446 13 451
p430 446 13 440
p440 448 7 450
p445 448 3 455
p436 449 11 457
p439 449 9 446
p443 449 4 448
p434 449 13 448
p437 450 11 445
p441 451 8 457
p444 451 6 456
p447 452 1 455
p442 452 7 451
p448 453 2 452
p449 453 2 459
p451 453 2 453
p452 454 1 461
p446 457 8 454
p454 459 4 465
p450 459 8 467
p455 460 3 461
p456 461 3 461
p457 461 1 467
p460 464 2 479
p459 464 3 468
p453 464 11 457
p461 465 3 479
p458 466 6 472
p462 467 3 481
p463 470 6 467
p464 471 7 481
p465 473 6 481
p467 475 7 471
p472 477 5 476
p473 477 4 493
p466 477 9 486
p470 480 8 474
p476 480 2 480
p468 480 10 486
p469 480 9 478
p471 481 9 495
p474 482 8 496
p478 482 3 481
p479 485 3 487
p475 488 11 498
p480 491 9 492
p477 491 13 489
p484 494 9 503
p481 495 12 502
p482 495 11 495
p485 495 10 488
p490 498 6 501
p488 498 8 509
p489 499 9 495
p493 499 2 496
p483 499 14 502
p487 500 11 505
p496 501 3 503
p498 502 1 520
p486 502 13 500
p492 502 7 505
p491 503 10 497
p499 503 2 516
p500 504 3 513
p494 506 8 505
p495 506 8 518
p497 507 9 507
p505 510 3 518
p503 510 5 514
p502 513 9 524
p506 514 6 509
p507 514 6 524
p509 516 5 522
p504 516 9 522
p510 516 4 530
p501 518 16 515
p508 519 8 525
p511 520 7 514
p519 522 3 537
p513 523 8 533
p521 524 2 525
p514 525 10 524
p512 525 11 528
p515 526 10 526
p522 527 5 543
p516 529 11 524
p520 529 8 532
p523 530 3 526
p517 530 11 527
p518 530 11 538
p524 530 3 528
p529 532 3 537
p527 532 3 533
p530 533 3 533
p528 535 6 538
p525 536 8 535
p526 536 7 550
p533 536 3 537
p538 541 2 545
p534 541 6 541
p531 541 8 539
p532 541 8 536
p535 542 5 545
p537 543 6 543
p539 543 2 546
p536 544 7 554
p540 544 3 543
p544 546 1 557
p542 547 5 554
p545 547 2 562
p541 549 7 559
p543 550 6 551
p546 551 3 551
p550 552 2 555
p547 552 3 553
p548 553 4 560
p549 554 5 560
p553 558 5 566
p551 559 6 556
p552 559 6 564
p556 559 2 567
p554 562 7 561
p557 562 4 578
p558 563 5 574
p555 563 7 560
p559 563 2 580
p561 564 1 574
p560 564 2 568
p563 566 3 570
p565 568 3 584
p562 568 5 566
p566 568 2 571
p564 568 3 576
p567 569 2 587
p568 571 3 589
p570 573 3 590
p572 573 1 582
p571 575 3 587
p569 576 6 589
p575 577 1 589
p574 577 3 593
p573 580 7 588
p578 580 2 586
p581 586 4 602
p579 587 7 583
p583 587 2 588
p576 587 10 597
p577 588 10 598
p584 588 1 605
p582 588 5 604
p580 588 6 586
p585 588 1 593
p586 589 2 595
p587 593 6 591
p589 595 6 602
p591 595 3 610
p588 600 11 609
p598 603 3 604
p596 604 6 614
p593 604 9 596
p590 605 15 612
p599 606 4 621
p595 607 10 607
p592 608 15 597
p597 608 8 607
p594 608 12 607
63049
