p0 4 4 18
p3 5 2 19
p1 6 5 24
p5 8 3 21
p2 9 6 19
p7 10 2 28
p6 11 5 25
p4 12 7 27
p8 14 4 31
p9 14 4 17
p10 16 6 15
p13 18 3 19
p11 19 7 21
p17 19 2 35
p14 21 5 24
p18 22 3 24
p12 23 11 30
p16 24 7 19
p20 24 3 26
p21 25 2 29
p19 26 6 40
p15 26 9 29
p24 27 2 30
p23 29 4 44
p22 32 8 28
p29 34 4 43
p25 37 12 48
p26 37 9 32
p33 38 2 52
p34 38 1 40
p30 38 5 33
p27 39 11 45
p32 39 4 45
p28 39 10 47
p36 40 2 40
p31 44 10 49
p35 47 10 56
p37 48 10 55
p43 51 5 46
p49 55 3 69
p38 55 16 57
p39 55 16 43
p40 56 13 46
p44 57 10 57
p55 66 5 62
p50 67 15 68
p41 68 24 47
p42 68 24 51
p54 68 9 73
p47 71 19 62
p61 72 7 69
p45 72 25 64
p62 72 6 78
p67 73 5 74
p46 73 23 55
p52 73 16 65
p48 73 21 53
p56 74 11 62
p69 75 2 85
p57 75 12 78
p51 75 23 62
p59 75 12 62
p68 76 8 85
p53 76 18 63
p58 76 13 75
p70 76 3 92
p71 76 3 74
p65 76 8 73
p66 76 8 83
p63 77 10 73
p60 77 13 79
p76 78 1 90
p75 78 2 87
p64 78 10 83
p72 78 5 90
p73 78 5 92
p74 79 4 91
p77 79 1 83
p78 80 2 98
p79 83 4 93
p82 85 2 87
p80 86 6 90
p83 87 2 105
p81 88 7 87
p84 89 3 89
p87 89 2 106
p86 90 3 106
p85 90 4 94
p90 92 2 105
p88 92 4 110
p89 93 3 102
p92 94 1 102
p91 97 5 97
p93 97 4 97
p96 99 2 102
p97 99 1 102
p94 100 5 110
p95 100 5 106
p98 101 2 113
p99 101 1 106
p101 102 1 103
p100 103 3 110
p103 106 3 107
p102 108 6 120
p105 110 5 113
p108 111 2 119
p104 111 6 120
p107 114 6 117
p109 114 5 127
p106 114 6 114
p112 114 1 121
p111 115 4 117
p113 115 1 126
p110 115 4 117
p115 117 1 135
p116 117 1 120
p114 118 3 130
p121 124 2 138
p120 125 4 125
p119 125 6 141
p123 127 3 139
p117 128 10 134
p118 129 11 132
p124 129 3 136
p129 133 2 145
p122 134 11 136
p125 134 8 147
p126 135 6 135
p131 136 4 140
p127 136 6 140
p128 136 5 139
p132 137 4 141
p133 139 6 136
p130 140 8 153
p134 144 10 141
p141 145 3 158
p140 147 7 158
p138 147 7 156
p139 150 10 150
p136 151 12 158
p137 151 12 151
p145 151 4 161
p135 151 13 145
p146 151 3 161
p144 152 5 161
p151 154 3 154
p147 155 6 162
p142 156 14 147
p149 157 7 161
p143 158 12 157
p148 159 10 155
p153 159 3 169
p150 159 8 163
p154 159 3 167
p155 160 3 176
p158 164 4 173
p160 165 3 169
p152 167 13 166
p162 168 3 176
p157 169 11 172
p161 170 7 181
p159 170 9 164
p156 170 12 170
p163 171 5 170
p164 171 5 185
p166 172 4 174
p165 172 6 173
p167 175 7 175
p171 176 5 185
p169 177 7 184
p168 177 7 186
p170 178 8 185
p172 179 5 187
p175 181 5 192
p173 181 7 183
p178 181 1 192
p179 181 1 196
p174 181 7 193
p176 182 5 194
p177 183 5 197
p180 183 3 200
p182 186 4 193
p181 188 6 198
p183 189 6 187
p184 190 5 202
p187 192 4 202
p186 192 5 197
p185 194 8 200
p192 194 2 211
p189 195 6 210
p190 196 4 200
p191 196 4 212
p188 196 7 192
p193 196 1 203
p196 199 3 205
p197 200 2 202
p195 200 4 207
p194 201 6 201
p201 203 1 210
p200 203 2 206
p202 204 2 211
p199 204 4 204
p198 205 7 220
p205 207 1 221
p203 208 4 216
p204 209 5 215
p207 210 2 222
p209 215 5 230
p211 216 3 229
p206 216 10 212
p210 218 7 228
p208 219 9 224
p215 221 4 232
p214 221 6 229
p217 222 3 225
p213 223 9 226
p219 225 3 229
p212 227 13 234
p216 227 9 238
p218 227 6 237
p224 230 5 233
p227 232 3 231
p223 234 9 234
p225 235 10 230
p220 235 13 228
p232 235 1 252
p228 235 4 239
p221 236 12 227
p222 236 12 242
p234 239 5 252
p230 239 6 251
p235 239 3 241
p226 240 12 244
p229 241 9 234
p233 242 8 246
p231 243 9 243
p237 246 8 247
p238 249 8 260
p239 250 9 256
p236 250 12 246
p241 251 10 253
p240 252 11 258
p245 254 7 250
p242 254 10 254
p251 256 5 269
p243 256 10 250
p247 256 6 269
p249 258 8 262
p244 259 12 257
p246 260 11 266
p250 261 10 268
p255 262 4 275
p258 264 2 261
p248 265 15 263
p254 265 8 269
p252 267 11 266
p262 268 4 277
p253 271 14 259
p263 272 5 277
p259 274 12 268
p256 278 20 262
p260 281 18 277
p257 281 21 263
p264 283 16 275
p269 284 11 291
p261 285 22 275
p267 285 15 278
p278 286 5 293
p275 287 9 295
p283 288 3 302
p271 288 11 289
p268 288 16 280
p285 289 3 305
p274 289 11 286
p265 289 21 279
p270 290 16 275
p276 291 12 293
p266 292 22 281
p272 293 15 282
p282 295 10 295
p287 296 6 293
p273 298 20 291
p277 298 18 294
p286 299 11 303
p288 299 5 299
p279 299 16 297
p280 299 16 303
p293 299 2 304
p284 299 14 304
p281 299 14 296
p296 299 1 305
p298 299 1 304
p290 300 6 305
p291 300 5 308
p297 302 4 318
p292 302 6 306
p289 303 9 312
p294 303 5 317
p295 304 6 309
p300 304 4 302
p301 305 2 304
p299 306 7 303
p303 309 4 313
p302 311 8 324
p305 311 5 315
p307 315 6 324
p311 315 4 329
p304 315 10 309
p308 315 5 316
p306 315 9 310
p310 316 5 332
p309 316 5 317
p316 325 8 336
p312 325 12 327
p313 325 11 319
p317 325 7 337
p315 328 13 333
p314 330 15 321
p321 330 6 331
p325 331 3 341
p326 331 2 335
p319 332 12 328
p327 332 3 337
p323 332 6 337
p324 334 7 339
p328 334 4 339
p318 335 15 340
p330 335 3 334
p320 335 14 339
p322 335 11 345
p334 336 1 342
p332 337 3 336
p329 338 8 346
p336 339 3 353
p331 340 7 343
p333 342 8 346
p335 342 7 351
p338 345 6 352
p339 346 7 357
p340 347 6 345
p342 347 3 345
p337 349 11 347
p345 349 1 360
p344 351 4 348
p347 351 3 358
p348 351 3 360
p341 351 9 350
p350 354 2 352
p343 354 8 359
p352 356 3 359
p354 356 1 360
p346 357 9 358
p349 357 6 365
p353 358 4 366
p351 359 6 362
p355 360 3 377
p357 360 2 365
p359 361 2 361
p356 361 4 359
p358 361 3 377
p360 367 6 368
p367 369 2 379
p364 369 4 381
p361 369 7 366
p365 370 4 371
p362 370 8 372
p363 371 6 372
p368 372 2 373
p371 373 1 388
p372 374 2 374
p366 374 7 378
p369 375 5 386
p373 375 2 377
p370 376 6 393
p376 378 1 379
p374 379 5 386
p375 382 6 396
p377 385 7 390
p378 385 7 393
p382 388 4 397
p384 389 1 393
p380 390 10 399
p386 391 2 402
p379 391 11 403
p381 391 8 395
p385 393 5 404
p390 393 2 411
p388 394 5 398
p383 396 11 406
p387 398 9 393
p389 400 10 398
p391 402 8 399
p396 405 6 416
p400 405 3 416
p392 405 10 401
p393 407 12 399
p394 408 12 415
p401 410 8 411
p402 411 9 421
p404 412 4 410
p399 412 10 419
p395 412 16 418
p397 413 14 416
p405 414 6 417
p406 414 5 418
p410 415 1 425
p398 415 14 409
p408 415 2 415
p409 415 2 413
p403 416 8 411
p407 416 6 422
p411 417 3 419
p414 419 4 429
p416 422 6 426
p412 422 8 428
p413 422 8 435
p421 425 2 440
p415 425 10 422
p417 426 6 440
p420 426 3 435
p418 427 7 424
p419 427 6 423
p425 431 5 439
p422 431 7 439
p423 431 7 427
p424 432 6 438
p428 432 3 434
p426 433 7 446
p432 434 2 434
p427 435 6 447
p429 438 9 451
p431 439 7 439
p438 441 2 450
p430 441 10 440
p433 443 10 447
p435 445 8 444
p439 446 7 446
p434 447 11 448
p443 448 4 448
p436 450 12 457
p440 451 10 450
p445 452 3 455
p437 453 14 445
p442 456 13 451
p447 456 4 455
p441 456 14 457
p444 456 8 456
p448 457 5 452
p449 458 6 459
p451 458 5 453
p452 458 3 461
p455 458 2 461
p456 459 2 461
p454 460 4 465
p457 461 2 467
p446 462 11 454
p459 462 2 468
p450 462 9 467
p460 462 1 479
p453 463 7 457
p461 463 2 479
p458 463 4 472
p462 465 2 481
p463 466 3 467
p464 468 4 481
p465 471 5 481
p466 473 5 486
p468 473 4 486
p469 475 6 478
p467 475 7 471
p470 476 5 474
p473 476 3 493
p472 478 5 476
p476 478 1 480
p471 480 7 495
p474 480 5 496
p478 481 2 481
p479 482 2 487
p475 484 9 498
p477 484 7 489
p480 485 4 492
p484 488 4 503
p482 489 6 495
p481 489 7 502
p485 490 5 488
p483 490 6 502
p487 491 4 505
p486 494 7 500
p490 494 2 501
p488 495 6 509
p489 496 6 495
p493 497 2 496
p492 498 6 505
p496 499 2 503
p491 500 8 497
p498 502 2 520
p495 503 8 518
p500 503 2 513
p499 504 3 516
p494 504 9 505
p497 505 8 507
p503 505 1 514
p505 506 1 518
p502 507 3 524
p501 508 5 515
p506 508 1 509
p504 508 3 522
p507 509 2 524
p509 510 1 522
p510 512 2 530
p508 512 3 525
p511 514 3 514
p512 518 6 528
p513 522 8 533
p514 523 8 524
p519 525 5 537
p521 525 2 525
p515 525 10 526
p522 526 3 543
p520 527 6 532
p523 527 3 526
p516 527 10 524
p518 528 10 538
p517 528 10 527
p524 529 3 528
p530 532 1 533
p529 533 3 537
p527 534 6 533
p525 534 8 535
p533 536 3 537
p526 536 8 550
p528 537 8 538
p538 542 2 545
p532 543 10 536
p534 544 8 541
p539 544 2 546
p531 544 11 539
p535 544 6 545
p537 545 6 543
p544 546 2 557
p536 547 9 554
p540 547 5 543
p541 548 6 559
p545 549 3 562
p543 549 5 551
p542 550 8 554
p546 551 4 551
p547 556 9 553
p548 560 11 560
p556 561 3 567
p550 561 10 555
p549 561 12 560
p551 562 9 556
p559 563 2 580
p553 564 9 566
p558 565 6 574
p552 566 12 564
p560 566 5 568
p557 566 8 578
p554 566 9 561
p555 568 10 560
p561 569 5 574
p563 571 7 570
p566 571 3 571
p570 572 2 590
p564 574 7 576
p567 576 7 587
p568 577 7 589
p565 577 10 584
p562 577 13 566
p572 578 4 582
p574 580 4 593
p571 581 8 587
p575 581 2 589
p578 583 3 586
p581 584 3 602
p569 584 14 589
p579 585 4 583
p584 585 1 605
p573 585 10 588
p583 585 1 588
p580 585 4 586
p582 586 2 604
p576 586 6 597
p577 586 6 598
p585 587 1 593
p586 590 4 595
p587 591 4 591
p589 592 2 602
p591 592 1 610
p588 592 4 609
p590 593 3 612
p592 596 4 597
p593 596 3 596
p594 598 4 607
p596 598 2 614
p595 598 3 607
p598 599 1 604
p597 600 2 607
p599 601 1 621
81361
