p0 3 3 18
p1 4 3 24
p3 4 1 19
p2 7 4 19
p7 8 1 28
p5 8 2 21
p6 8 2 25
p4 9 4 27
p8 11 2 31
p9 12 2 17
p10 12 2 15
p11 14 3 21
p13 14 1 19
p12 16 4 30
p14 17 3 24
p17 18 1 35
p18 19 1 24
p16 19 2 19
p15 20 4 29
p20 21 1 26
p19 21 2 40
p21 22 1 29
p24 25 1 30
p22 26 4 28
p23 27 3 44
p25 29 4 48
p27 31 3 45
p28 32 4 47
p26 32 5 32
p29 32 2 43
p30 32 1 33
p32 33 1 45
p33 35 2 52
p31 36 5 49
p34 36 2 40
p36 38 1 40
p35 42 7 56
p37 44 7 55
p40 46 5 46
p38 47 8 57
p39 48 8 43
p43 49 3 46
p44 53 7 57
p49 54 3 69
p41 54 12 47
p42 54 12 51
p54 58 4 73
p45 59 11 64
p46 59 11 55
p47 62 14 62
p55 63 6 62
p50 64 12 68
p52 64 10 65
p61 66 2 69
p48 66 16 53
p62 68 4 78
p51 68 15 62
p56 68 8 62
p57 69 9 78
p53 69 15 63
p67 70 2 74
p59 71 8 62
p69 74 3 85
p60 75 11 79
p66 75 7 83
p58 75 12 75
p68 76 8 85
p65 76 8 73
p63 77 13 73
p70 77 5 92
p71 77 4 74
p64 77 13 83
p76 79 2 90
p72 80 7 90
p75 80 3 87
p73 80 4 92
p77 80 2 83
p74 81 5 91
p78 82 3 98
p82 83 1 87
p79 83 3 93
p80 83 3 90
p81 85 4 87
p83 85 1 105
p84 88 3 89
p87 88 1 106
p85 90 5 94
p86 90 3 106
p90 92 1 105
p89 92 2 102
p88 93 5 110
p91 96 5 97
p92 96 2 102
p93 98 4 97
p96 99 2 102
p97 99 1 102
p94 100 6 110
p95 102 7 106
p101 104 2 103
p98 104 5 113
p99 104 3 106
p103 110 6 107
p105 111 5 113
p100 111 10 110
p108 111 3 119
p104 112 6 120
p102 113 10 120
p112 115 2 121
p109 115 5 127
p106 116 8 114
p107 117 9 117
p113 118 3 126
p115 119 1 135
p110 120 10 117
p111 120 8 117
p116 120 2 120
p114 121 4 130
p120 122 2 125
p119 125 5 141
p121 126 4 138
p123 127 3 139
p118 127 8 132
p117 127 9 134
p124 128 2 136
p122 131 8 136
p125 133 7 147
p129 133 2 145
p127 135 6 140
p128 136 7 139
p126 136 8 135
p131 140 7 140
p132 143 10 141
p130 144 13 153
p133 144 9 136
p141 146 2 158
p136 146 9 158
p137 147 10 151
p134 147 11 141
p138 147 7 156
p140 147 7 158
p135 148 11 145
p145 148 3 161
p146 149 1 161
p139 149 9 150
p144 151 6 161
p142 152 8 147
p143 153 9 157
p147 154 6 162
p151 154 1 154
p149 155 4 161
p150 155 3 163
p153 155 2 169
p154 156 2 167
p148 157 9 155
p155 158 2 176
p152 160 7 166
p160 163 2 169
p158 163 3 173
p159 166 6 164
p162 168 4 176
p156 169 12 170
p161 171 9 181
p157 172 14 172
p164 174 7 185
p163 175 10 170
p166 175 6 174
p165 177 10 173
p171 183 11 185
p168 185 15 186
p169 188 17 184
p178 188 4 192
p167 188 19 175
p179 190 6 196
p172 190 14 187
p170 191 19 185
p175 192 15 192
p184 194 7 202
p180 196 11 200
p173 196 20 183
p192 196 3 211
p174 196 19 193
p182 197 12 193
p186 197 9 197
p183 197 11 187
p187 198 10 202
p176 198 21 194
p177 200 21 197
p181 202 17 198
p189 204 12 210
p193 205 7 203
p190 206 14 200
p197 208 6 202
p188 210 21 192
p185 211 23 200
p191 211 18 212
p200 212 7 206
p201 212 6 210
p202 212 5 211
p205 213 3 221
p195 213 13 207
p196 213 12 205
p207 213 2 222
p199 214 10 204
p211 214 1 229
p194 215 16 201
p203 215 8 216
p209 216 5 230
p210 217 5 228
p198 217 14 220
p204 219 11 215
p213 220 7 226
p214 220 5 229
p215 220 4 232
p206 220 9 212
p208 221 10 224
p217 221 2 225
p212 221 8 234
p219 222 2 229
p216 223 4 238
p218 224 4 237
p220 228 8 228
p223 228 4 234
p224 228 2 233
p227 230 2 231
p221 231 8 227
p222 231 8 242
p228 233 2 239
p225 233 7 230
p232 236 3 252
p226 238 12 244
p235 238 2 241
p230 238 6 251
p231 240 8 243
p229 241 10 234
p234 241 6 252
p237 242 4 247
p233 243 8 246
p239 245 6 256
p238 246 7 260
p236 247 9 246
p241 249 7 253
p242 250 6 254
p243 251 7 250
p240 253 11 258
p247 254 5 269
p245 254 8 250
p251 257 5 269
p246 261 14 266
p244 262 16 257
p249 262 11 262
p248 262 13 263
p258 263 1 261
p250 263 11 268
p255 263 4 275
p252 263 8 266
p254 263 6 269
p262 264 1 277
p259 267 5 268
p253 267 11 259
p256 268 8 262
p263 268 3 277
p257 270 9 263
p260 270 8 277
p264 272 7 275
p261 272 10 275
p267 274 5 278
p269 276 6 291
p265 279 12 279
p268 280 10 280
p266 283 14 281
p270 283 13 275
p278 284 5 293
p271 284 11 289
p275 285 6 295
p274 286 9 286
p276 288 9 293
p272 288 15 282
p283 289 5 302
p273 291 15 291
p282 291 7 295
p285 291 4 305
p287 292 2 293
p288 293 2 299
p277 293 14 294
p279 295 11 297
p280 295 11 303
p293 296 3 304
p286 296 8 303
p281 296 12 296
p290 297 6 305
p284 297 13 304
p291 298 7 308
p296 300 2 305
p289 301 10 312
p298 304 6 304
p292 305 12 306
p300 306 4 302
p297 306 8 318
p301 306 3 304
p295 307 11 309
p299 308 7 303
p294 308 12 317
p302 309 5 324
p303 310 6 313
p305 312 6 315
p308 312 3 316
p311 314 3 329
p304 314 10 309
p307 314 5 324
p306 315 7 310
p309 316 5 317
p310 318 7 332
p316 329 11 336
p312 329 15 327
p323 332 7 337
p321 334 9 331
p317 334 15 337
p313 334 20 319
p314 335 18 321
p326 335 4 335
p315 337 20 333
p328 338 4 339
p325 338 11 341
p319 338 18 328
p330 339 5 334
p327 341 9 337
p334 342 5 342
p318 343 23 340
p320 345 24 339
p336 346 6 353
p324 346 20 339
p322 349 24 345
p340 349 4 345
p332 349 13 336
p348 350 2 360
p342 351 3 345
p338 351 10 352
p339 352 9 357
p329 353 19 346
p345 353 5 360
p331 354 20 343
p347 355 7 358
p335 358 18 351
p333 358 22 346
p344 358 10 348
p341 360 14 350
p350 361 6 352
p337 361 20 347
p352 362 5 359
p357 362 4 365
p343 363 15 359
p354 364 6 360
p349 365 10 365
p353 368 10 366
p359 368 4 361
p346 368 20 358
p355 369 11 377
p356 373 15 359
p358 374 16 377
p371 375 1 388
p351 375 19 362
p367 376 5 379
p364 377 10 381
p368 377 5 373
p365 378 9 371
p372 380 6 374
p373 380 5 377
p360 381 17 368
p361 383 17 366
p362 385 19 372
p363 385 19 372
p376 385 5 379
p366 386 15 378
p369 386 14 386
p382 386 3 397
p370 386 13 393
p384 387 2 393
p374 388 13 386
p375 390 12 396
p381 391 8 395
p386 391 5 402
p380 392 9 399
p377 392 12 390
p378 392 12 393
p385 392 6 404
p379 393 10 403
p390 394 3 411
p383 394 10 406
p387 394 5 393
p388 395 4 398
p391 397 4 399
p389 397 6 398
p392 400 7 401
p393 400 7 399
p394 401 7 415
p396 402 5 416
p400 402 2 416
p395 402 6 418
p397 403 5 416
p399 403 4 419
p398 404 5 409
p402 407 5 421
p401 407 5 411
p404 407 2 410
p403 408 3 411
p405 408 2 417
p406 408 2 418
p408 410 1 415
p407 410 3 422
p409 410 1 413
p410 411 1 425
p411 413 2 419
p412 417 5 428
p414 418 3 429
p413 420 6 435
p415 421 6 422
p416 421 5 426
p420 422 1 435
p421 422 1 440
p419 423 2 423
p417 423 4 440
p418 423 3 424
p423 426 3 427
p422 426 3 439
p425 433 7 439
p428 436 6 434
p432 437 3 434
p424 438 13 438
p426 439 12 446
p431 441 7 439
p438 441 2 450
p427 441 13 447
p435 441 3 444
p429 443 12 451
p439 444 5 446
p434 444 9 448
p430 445 12 440
p433 445 11 447
p440 445 5 450
p443 446 2 448
p441 447 4 457
p445 447 1 455
p436 447 8 457
p437 447 8 445
p442 448 5 451
p444 448 2 456
p447 450 2 455
p448 450 2 452
p449 452 1 459
p451 453 2 453
p446 455 7 454
p454 456 2 465
p452 456 3 461
p450 457 6 467
p455 458 2 461
p456 458 2 461
p453 459 5 457
p457 460 2 467
p459 461 1 468
p460 462 1 479
p458 464 6 472
p461 466 4 479
p462 469 6 481
p464 474 9 481
p465 474 7 481
p463 474 11 467
p466 479 11 486
p473 479 3 493
p467 480 12 471
p476 482 4 480
p472 483 11 476
p468 483 13 486
p469 484 14 478
p470 485 14 474
p478 485 4 481
p471 486 14 495
p479 487 3 487
p474 488 12 496
p480 490 6 492
p475 492 15 498
p484 493 9 503
p477 493 13 489
p490 494 3 501
p488 495 4 509
p489 495 4 495
p485 495 6 488
p481 495 11 502
p482 496 12 495
p493 496 3 496
p487 496 7 505
p483 496 12 502
p486 497 8 500
p491 498 7 497
p492 498 5 505
p496 499 2 503
p499 502 1 516
p494 503 7 505
p498 503 3 520
p500 503 2 513
p495 504 8 518
p497 508 11 507
p505 510 3 518
p503 510 5 514
p507 511 2 524
p502 512 7 524
p506 513 5 509
p510 514 3 530
p504 515 9 522
p501 516 12 515
p509 516 6 522
p508 519 9 525
p519 526 3 537
p511 528 15 514
p521 529 6 525
p522 530 7 543
p523 530 5 526
p515 533 16 526
p524 533 5 528
p512 533 19 528
p516 534 16 524
p513 534 18 533
p529 536 5 537
p520 536 13 532
p517 537 18 527
p514 537 21 524
p530 537 5 533
p518 538 17 538
p527 539 11 533
p538 541 2 545
p533 541 3 537
p525 541 13 535
p526 542 14 550
p535 545 7 545
p528 545 16 538
p534 546 8 541
p532 546 11 536
p539 547 5 546
p537 548 9 543
p531 549 15 539
p536 549 11 554
p544 551 5 557
p545 551 5 562
p540 551 9 543
p543 553 7 551
p546 555 7 551
p541 556 14 559
p542 557 14 554
p556 560 2 567
p547 563 14 553
p550 563 12 555
p548 564 14 560
p549 565 15 560
p551 567 12 556
p560 567 3 568
p553 569 12 566
p559 569 6 580
p557 569 11 578
p561 569 4 574
p552 571 14 564
p558 571 13 574
p563 572 6 570
p555 572 14 560
p564 574 7 576
p566 574 5 571
p554 574 17 561
p567 574 5 587
p568 576 7 589
p565 576 8 584
p570 576 5 590
p562 576 11 566
p572 577 3 582
p574 577 1 593
p571 578 6 587
p575 578 2 589
p569 578 7 589
p578 580 2 586
p573 582 8 588
p576 584 7 597
p581 584 3 602
p579 585 5 583
p577 585 8 598
p580 586 5 586
p584 586 1 605
p583 587 3 588
p582 587 5 604
p585 588 2 593
p586 591 4 595
p587 594 7 591
p589 594 4 602
p591 594 3 610
p588 595 6 609
p590 598 8 612
p596 599 2 614
p592 600 8 597
p593 600 5 596
p598 601 2 604
p595 601 5 607
p594 601 5 607
p599 601 1 621
p597 601 3 607
43218
