p0 3 3 18
p1 4 3 24
p3 5 2 19
p2 7 4 19
p5 9 4 21
p7 10 2 28
p4 12 7 27
p6 12 5 25
p8 14 4 31
p9 15 5 17
p11 17 5 21
p13 17 2 19
p10 17 6 15
p17 19 1 35
p14 20 5 24
p12 21 9 30
p18 21 3 24
p16 22 5 19
p20 22 1 26
p21 23 2 29
p15 24 7 29
p19 24 4 40
p24 26 1 30
p23 31 6 44
p29 34 3 43
p22 34 11 28
p25 35 10 48
p26 35 7 32
p27 37 9 45
p28 37 8 47
p30 38 6 33
p33 38 3 52
p34 39 2 40
p32 39 5 45
p36 41 2 40
p31 42 10 49
p35 46 9 56
p37 50 11 55
p39 53 14 43
p43 53 7 46
p40 54 13 46
p38 54 15 57
p44 56 9 57
p49 57 6 69
p54 61 6 73
p41 63 19 47
p45 65 17 64
p50 67 15 68
p42 67 22 51
p55 67 8 62
p46 67 17 55
p62 68 5 78
p48 70 20 53
p52 71 17 65
p61 71 8 69
p57 72 10 78
p47 72 22 62
p51 73 19 62
p59 76 13 62
p53 76 21 63
p56 77 16 62
p69 78 7 85
p67 79 8 74
p65 82 13 73
p70 82 8 92
p71 82 8 74
p66 82 11 83
p76 83 4 90
p77 83 4 83
p60 84 21 79
p68 84 13 85
p75 84 5 87
p58 84 21 75
p72 86 8 90
p74 87 9 91
p63 88 23 73
p83 88 4 105
p78 90 11 98
p64 91 22 83
p73 91 13 92
p82 91 7 87
p79 92 10 93
p80 93 9 90
p84 94 6 89
p89 94 3 102
p90 94 3 105
p87 94 3 106
p86 96 6 106
p81 96 12 87
p92 96 3 102
p85 97 8 94
p88 98 7 110
p93 98 5 97
p96 98 1 102
p91 98 7 97
p97 98 1 102
p94 99 5 110
p95 100 4 106
p98 102 3 113
p99 102 1 106
p101 102 1 103
p100 105 4 110
p103 106 3 107
p102 106 4 120
p104 107 2 120
p105 107 2 113
p108 111 2 119
p107 112 5 117
p106 112 5 114
p109 112 3 127
p112 114 2 121
p111 114 3 117
p113 115 1 126
p110 115 4 117
p115 118 2 135
p116 118 2 120
p114 118 3 130
p117 123 6 134
p120 124 3 125
p121 125 3 138
p119 125 6 141
p123 126 1 139
p118 126 8 132
p124 127 2 136
p125 129 4 147
p126 129 2 135
p122 129 6 136
p127 131 3 140
p128 132 4 139
p129 132 2 145
p131 136 4 140
p130 137 7 153
p132 137 5 141
p133 138 4 136
p134 142 7 141
p135 143 7 145
p138 144 4 156
p136 144 7 158
p137 145 8 151
p140 145 5 158
p141 146 4 158
p139 147 7 150
p145 147 1 161
p146 147 1 161
p142 148 5 147
p144 148 2 161
p143 149 4 157
p147 154 6 162
p151 154 2 154
p150 155 4 163
p148 156 8 155
p153 156 3 169
p149 156 6 161
p154 156 2 167
p155 157 1 176
p152 158 5 166
p156 162 5 170
p158 162 3 173
p160 162 1 169
p157 163 5 172
p159 163 4 164
p162 164 1 176
p161 165 3 181
p163 167 3 170
p164 169 4 185
p165 170 4 173
p166 170 3 174
p167 174 7 175
p168 179 11 186
p171 181 9 185
p169 182 11 184
p172 182 7 187
p170 183 12 185
p178 183 3 192
p179 183 3 196
p175 184 7 192
p173 186 11 183
p174 187 11 193
p177 189 10 197
p180 190 9 200
p176 190 13 194
p182 193 9 193
p183 195 10 187
p186 197 9 197
p192 197 2 211
p187 198 9 202
p184 198 12 202
p193 199 4 203
p181 200 16 198
p189 201 10 210
p197 202 2 202
p190 202 9 200
p185 202 15 200
p191 202 8 212
p200 204 4 206
p188 204 14 192
p201 204 2 210
p195 205 5 207
p196 205 5 205
p202 207 5 211
p199 208 8 204
p194 210 14 201
p207 211 1 222
p205 213 5 221
p198 213 13 220
p203 216 10 216
p211 218 5 229
p204 219 12 215
p215 220 3 232
p209 221 11 230
p206 222 13 212
p210 222 9 228
p214 222 6 229
p217 223 5 225
p208 224 14 224
p219 224 1 229
p213 225 10 226
p216 226 8 238
p212 228 14 234
p227 232 3 231
p223 233 10 234
p218 233 10 237
p224 233 6 233
p225 235 8 230
p220 236 13 228
p228 236 6 239
p232 237 3 252
p222 238 15 242
p221 239 16 227
p235 240 3 241
p230 241 7 251
p226 241 13 244
p234 242 7 252
p229 242 12 234
p238 243 4 260
p239 244 5 256
p231 244 10 243
p237 244 5 247
p233 244 10 246
p236 246 7 246
p242 247 5 254
p241 247 5 253
p240 250 8 258
p243 250 5 250
p245 252 6 250
p247 258 10 269
p244 258 12 257
p251 259 6 269
p246 259 13 266
p255 260 2 275
p249 260 8 262
p250 260 7 268
p248 261 11 263
p254 262 6 269
p252 262 7 266
p258 262 3 261
p259 264 5 268
p253 264 9 259
p262 265 2 277
p256 266 7 262
p257 267 8 263
p263 267 3 277
p264 271 6 275
p260 271 8 277
p261 272 9 275
p267 276 7 278
p265 276 11 279
p269 277 5 291
p271 279 7 289
p268 280 9 280
p266 280 12 281
p272 281 9 282
p275 281 4 295
p278 281 2 293
p270 281 9 275
p274 281 5 286
p276 282 5 293
p273 282 6 291
p277 285 6 294
p283 286 3 302
p279 286 6 297
p280 286 6 303
p285 287 2 305
p282 287 4 295
p281 287 6 296
p286 290 3 303
p287 291 2 293
p284 292 7 304
p288 292 2 299
p293 295 2 304
p290 296 5 305
p289 299 9 312
p291 299 6 308
p296 300 3 305
p298 301 1 304
p300 302 1 302
p292 302 9 306
p297 303 6 318
p301 303 1 304
p299 303 2 303
p294 304 7 317
p295 304 7 309
p302 306 4 324
p303 309 4 313
p305 311 6 315
p307 313 4 324
p308 314 5 316
p311 315 3 329
p304 315 10 309
p306 316 10 310
p309 318 6 317
p310 318 6 332
p316 321 4 336
p313 323 8 319
p312 324 11 327
p317 324 7 337
p315 325 8 333
p321 326 3 331
p314 328 11 321
p323 330 4 337
p319 331 9 328
p325 331 3 341
p326 332 4 335
p327 332 3 337
p328 332 2 339
p320 333 11 339
p330 333 3 334
p324 333 6 339
p318 333 12 340
p322 334 11 345
p334 335 1 342
p329 335 5 346
p332 335 2 336
p331 336 4 343
p336 338 1 353
p333 338 5 346
p335 339 4 351
p340 342 2 345
p338 342 4 352
p337 342 5 347
p339 343 4 357
p342 343 1 345
p341 346 5 350
p344 348 3 348
p343 349 5 359
p345 349 2 360
p347 350 2 358
p348 351 2 360
p350 352 1 352
p346 354 7 358
p352 356 3 359
p349 356 5 365
p354 357 2 360
p353 357 3 366
p357 360 2 365
p351 360 8 362
p359 361 2 361
p355 361 5 377
p356 361 5 359
p358 362 3 377
p364 371 6 381
p360 371 11 368
p368 371 1 373
p361 372 10 366
p367 372 3 379
p365 374 8 371
p362 374 11 372
p373 375 1 377
p363 375 10 372
p371 375 2 388
p372 375 2 374
p366 376 7 378
p370 377 7 393
p369 377 7 386
p376 379 2 379
p374 381 7 386
p375 384 8 396
p377 384 7 390
p381 386 4 395
p378 387 8 393
p384 388 3 393
p379 389 9 403
p382 389 6 397
p386 392 3 402
p380 392 12 399
p390 394 2 411
p383 395 12 406
p385 396 11 404
p388 398 7 398
p391 402 9 399
p389 403 12 398
p387 406 16 393
p396 408 10 416
p404 410 3 410
p400 410 7 416
p392 410 16 401
p405 412 4 417
p393 412 18 399
p399 414 12 419
p394 414 18 415
p406 414 5 418
p395 414 18 418
p403 415 8 411
p397 415 17 416
p408 415 5 415
p409 415 4 413
p401 415 9 411
p402 415 9 421
p398 415 17 409
p410 415 1 425
p407 416 7 422
p411 418 4 419
p412 422 8 428
p413 423 9 435
p414 423 8 429
p420 424 1 435
p421 424 1 440
p415 425 10 422
p416 425 8 426
p417 426 7 440
p418 429 9 424
p419 429 8 423
p422 434 11 439
p423 435 12 427
p428 435 5 434
p432 436 3 434
p425 436 9 439
p424 437 10 438
p426 437 10 446
p431 437 5 439
p427 438 9 447
p435 438 2 444
p430 439 7 440
p429 439 8 451
p433 440 5 447
p438 442 3 450
p434 442 6 448
p436 444 8 457
p443 446 2 448
p439 446 7 446
p441 447 4 457
p444 447 2 456
p445 447 2 455
p440 447 5 450
p442 447 3 451
p437 448 9 445
p447 449 1 455
p448 449 1 452
p446 451 4 454
p449 451 1 459
p451 452 1 453
p452 455 3 461
p450 456 6 467
p454 457 3 465
p455 458 2 461
p456 458 2 461
p457 459 1 467
p453 459 6 457
p459 460 1 468
p458 462 4 472
p460 462 1 479
p461 463 2 479
p462 466 3 481
p463 468 5 467
p464 471 7 481
p465 472 6 481
p466 479 11 486
p473 479 4 493
p467 480 12 471
p476 483 3 480
p468 484 14 486
p469 485 15 478
p478 486 5 481
p472 486 12 476
p479 487 5 487
p474 489 13 496
p470 493 22 474
p480 499 17 492
p490 500 6 501
p471 500 26 495
p484 501 13 503
p477 502 21 489
p485 502 12 488
p493 504 8 496
p475 505 27 498
p498 505 5 520
p487 509 18 505
p496 509 9 503
p488 509 15 509
p489 509 15 495
p499 509 7 516
p486 510 19 500
p492 510 15 505
p481 510 24 502
p482 511 24 495
p483 511 24 502
p500 511 5 513
p503 511 4 514
p505 512 3 518
p506 512 3 509
p507 512 3 524
p491 512 18 497
p510 513 2 530
p509 513 4 522
p497 514 14 507
p502 514 8 524
p494 514 14 505
p508 514 5 525
p495 514 14 518
p504 516 7 522
p501 516 10 515
p511 517 6 514
p513 526 12 533
p514 526 11 524
p521 527 2 525
p522 528 3 543
p519 528 7 537
p512 528 14 528
p515 528 11 526
p524 529 3 528
p523 531 6 526
p516 531 14 524
p517 532 14 527
p520 532 9 532
p518 532 14 538
p529 533 2 537
p530 534 3 533
p527 535 5 533
p533 537 2 537
p525 539 13 535
p526 539 10 550
p528 543 12 538
p534 544 8 541
p539 545 2 546
p531 546 14 539
p535 547 11 545
p538 548 7 545
p537 550 10 543
p544 551 5 557
p532 552 20 536
p545 552 4 562
p540 554 11 543
p543 560 14 551
p546 565 16 551
p536 565 25 554
p556 565 7 567
p541 572 29 559
p550 573 18 555
p559 573 7 580
p560 575 8 568
p551 576 19 556
p561 577 9 574
p542 577 33 554
p557 582 22 578
p547 582 32 553
p558 584 23 574
p553 584 26 566
p570 585 6 590
p566 585 13 571
p575 588 5 589
p578 590 6 586
p552 590 32 564
p548 591 39 560
p549 591 38 560
p554 592 34 561
p564 593 23 576
p565 593 22 584
p572 593 14 582
p555 594 36 560
p581 596 10 602
p574 596 15 593
p583 598 12 588
p568 598 24 589
p563 600 32 570
p567 600 27 587
p584 600 12 605
p571 601 22 587
p585 601 7 593
p562 601 33 566
p591 601 1 610
p579 601 17 583
p596 602 2 614
p580 602 16 586
p582 602 16 604
p598 602 2 604
p599 602 2 621
p569 602 24 589
p595 603 3 607
p586 603 9 595
p573 603 23 588
p576 603 19 597
p589 603 5 602
p577 603 19 598
p593 603 3 596
p597 604 4 607
p587 604 7 591
p588 604 6 609
p590 604 5 612
p592 604 4 597
p594 604 4 607
24985
