p0 4 4 18
p1 4 3 24
p3 4 1 19
p2 7 4 19
p5 8 3 21
p7 9 2 28
p4 10 5 27
p6 10 4 25
p8 13 4 31
p13 15 1 19
p9 15 5 17
p10 15 5 15
p11 15 4 21
p14 16 2 24
p12 17 4 30
p17 18 1 35
p16 19 3 19
p18 19 1 24
p15 19 3 29
p20 21 1 26
p21 22 1 29
p19 23 4 40
p22 25 3 28
p24 25 1 30
p23 26 2 44
p25 31 6 48
p26 32 5 32
p27 33 6 45
p30 33 1 33
p29 34 4 43
p32 34 2 45
p28 35 6 47
p33 36 2 52
p34 37 2 40
p36 38 1 40
p31 39 7 49
p35 41 6 56
p37 44 7 55
p38 45 6 57
p39 46 7 43
p40 47 6 46
p43 48 3 46
p44 53 8 57
p49 53 3 69
p41 55 12 47
p42 55 12 51
p45 58 11 64
p50 59 7 68
p54 61 5 73
p46 63 15 55
p55 63 6 62
p47 64 15 62
p52 65 12 65
p48 66 17 53
p51 68 15 62
p61 69 5 69
p62 70 6 78
p57 71 10 78
p53 72 19 63
p67 73 3 74
p56 73 12 62
p69 75 4 85
p59 76 12 62
p58 78 14 75
p60 78 14 79
p66 79 10 83
p70 79 6 92
p71 79 6 74
p68 79 8 85
p65 79 10 73
p63 81 17 73
p72 81 7 90
p75 81 5 87
p64 81 17 83
p76 81 4 90
p74 82 6 91
p77 82 3 83
p73 83 7 92
p78 85 6 98
p79 85 5 93
p83 86 1 105
p82 86 3 87
p80 86 5 90
p81 89 8 87
p87 89 1 106
p84 89 4 89
p86 91 3 106
p85 91 6 94
p89 92 2 102
p90 93 3 105
p88 93 5 110
p92 96 3 102
p91 98 6 97
p96 99 3 102
p93 99 5 97
p97 100 3 102
p94 101 6 110
p95 101 5 106
p99 102 2 106
p98 104 5 113
p101 104 2 103
p100 108 8 110
p103 108 4 107
p102 109 7 120
p104 109 4 120
p105 109 4 113
p108 110 2 119
p106 113 6 114
p107 114 7 117
p109 115 5 127
p113 116 2 126
p112 116 2 121
p111 117 6 117
p110 117 7 117
p115 117 1 135
p116 118 2 120
p114 119 3 130
p119 123 4 141
p120 123 3 125
p117 123 5 134
p118 124 6 132
p121 124 2 138
p123 125 2 139
p124 127 2 136
p122 128 5 136
p125 129 4 147
p129 132 2 145
p126 132 5 135
p127 132 3 140
p128 133 4 139
p131 135 3 140
p132 136 3 141
p130 137 7 153
p133 138 5 136
p134 143 9 141
p141 144 1 158
p138 145 5 156
p135 146 10 145
p140 146 4 158
p136 147 9 158
p137 148 10 151
p145 149 2 161
p139 149 8 150
p142 149 6 147
p146 149 2 161
p144 151 4 161
p143 153 7 157
p147 153 5 162
p151 154 3 154
p150 156 5 163
p153 157 2 169
p154 157 2 167
p148 158 10 155
p155 158 3 176
p149 158 7 161
p158 163 3 173
p152 165 10 166
p160 166 4 169
p162 167 3 176
p159 169 9 164
p157 172 13 172
p161 174 11 181
p156 174 16 170
p165 176 9 173
p163 176 11 170
p164 176 9 185
p166 178 8 174
p172 182 7 187
p171 184 10 185
p175 185 9 192
p167 185 15 175
p168 185 15 186
p169 186 16 184
p170 186 15 185
p178 186 4 192
p179 186 3 196
p174 186 11 193
p173 188 13 183
p184 190 5 202
p180 190 7 200
p176 190 14 194
p177 191 11 197
p182 191 6 193
p183 191 6 187
p186 192 6 197
p181 193 8 198
p187 193 5 202
p189 193 4 210
p192 194 2 211
p185 194 8 200
p190 195 3 200
p188 195 6 192
p191 195 3 212
p193 195 1 203
p195 199 3 207
p196 199 3 205
p194 200 5 201
p197 201 3 202
p200 203 2 206
p202 204 2 211
p201 204 3 210
p199 204 4 204
p198 204 6 220
p203 206 2 216
p205 207 1 221
p204 207 3 215
p207 209 1 222
p206 211 5 212
p209 213 3 230
p211 214 2 229
p208 215 6 224
p210 215 4 228
p214 216 2 229
p215 218 2 232
p217 220 2 225
p213 220 6 226
p212 222 8 234
p219 222 1 229
p216 224 7 238
p218 225 5 237
p224 227 1 233
p223 229 5 234
p220 230 9 228
p225 230 4 230
p221 231 8 227
p227 231 3 231
p228 231 1 239
p222 232 9 242
p226 236 10 244
p232 236 3 252
p229 238 8 234
p230 238 6 251
p235 238 3 241
p234 239 4 252
p231 241 9 243
p233 243 9 246
p237 244 6 247
p238 245 4 260
p242 246 4 254
p239 246 5 256
p236 246 9 246
p241 247 5 253
p240 248 6 258
p243 249 5 250
p245 252 7 250
p247 255 7 269
p244 255 10 257
p249 256 6 262
p251 257 5 269
p246 258 11 266
p255 261 2 275
p250 263 11 268
p248 264 14 263
p258 264 3 261
p254 266 10 269
p252 267 12 266
p259 269 8 268
p262 269 4 277
p263 269 3 277
p253 273 18 259
p256 274 14 262
p257 275 14 263
p264 277 11 275
p260 279 17 277
p267 279 11 278
p269 280 8 291
p261 280 15 275
p265 284 18 279
p278 285 5 293
p274 287 10 286
p275 288 11 295
p271 288 13 289
p266 288 20 281
p268 291 19 280
p270 291 17 275
p283 293 5 302
p276 293 16 293
p272 293 17 282
p288 294 1 299
p285 296 6 305
p273 297 20 291
p287 297 6 293
p282 298 10 295
p293 298 5 304
p277 300 23 294
p279 302 19 297
p296 304 4 305
p286 304 13 303
p280 305 22 303
p290 305 12 305
p291 305 12 308
p281 305 20 296
p301 306 2 304
p298 306 5 304
p300 307 5 302
p289 308 15 312
p284 308 20 304
p292 310 17 306
p299 311 10 303
p297 313 13 318
p302 316 11 324
p294 316 17 317
p295 317 18 309
p303 319 14 313
p305 321 15 315
p311 322 7 329
p308 322 10 316
p304 324 19 309
p310 326 12 332
p307 327 16 324
p309 327 13 317
p321 329 7 331
p323 331 4 337
p306 331 22 310
p316 332 12 336
p317 332 12 337
p312 332 15 327
p319 333 12 328
p325 333 6 341
p326 333 6 335
p328 334 3 339
p327 334 6 337
p330 335 3 334
p313 335 17 319
p318 336 15 340
p324 337 10 339
p320 337 16 339
p314 338 18 321
p315 338 18 333
p322 341 16 345
p334 342 4 342
p332 345 11 336
p340 346 4 345
p336 347 7 353
p331 348 15 343
p342 348 4 345
p339 348 6 357
p329 349 17 346
p338 349 9 352
p345 349 2 360
p333 349 15 346
p335 350 11 351
p347 350 1 358
p348 350 1 360
p337 350 10 347
p341 350 7 350
p344 350 3 348
p343 351 4 359
p346 352 5 358
p350 352 2 352
p352 354 2 359
p349 354 4 365
p354 359 4 360
p357 360 2 365
p353 361 7 366
p351 361 9 362
p355 361 4 377
p358 363 5 377
p359 363 3 361
p356 363 6 359
p360 370 9 368
p361 370 8 366
p368 372 2 373
p367 374 5 379
p364 374 9 381
p362 374 12 372
p365 374 9 371
p371 375 3 388
p373 376 1 377
p363 376 12 372
p372 377 3 374
p376 381 2 379
p366 381 12 378
p369 381 11 386
p370 382 11 393
p374 383 8 386
p375 384 7 396
p381 385 4 395
p382 385 2 397
p379 388 7 403
p380 389 8 399
p377 389 10 390
p378 389 9 393
p386 390 2 402
p384 390 4 393
p385 392 5 404
p390 393 3 411
p383 394 11 406
p388 397 7 398
p389 402 12 398
p400 404 4 416
p387 404 15 393
p391 404 11 399
p396 406 6 416
p394 407 11 415
p395 409 11 418
p399 409 9 419
p392 409 15 401
p393 409 14 399
p404 409 4 410
p405 409 3 417
p406 410 4 418
p397 411 11 416
p398 411 11 409
p401 411 7 411
p402 411 7 421
p408 411 1 415
p403 411 6 411
p409 412 2 413
p410 412 2 425
p407 413 3 422
p411 416 5 419
p412 420 8 428
p414 420 4 429
p413 422 8 435
p416 423 6 426
p417 424 5 440
p415 424 8 422
p418 424 5 424
p419 426 6 423
p420 426 3 435
p421 426 3 440
p428 432 1 434
p423 432 8 427
p425 433 6 439
p424 435 9 438
p422 435 11 439
p432 436 3 434
p426 438 11 446
p427 440 11 447
p431 441 8 439
p429 442 11 451
p430 444 13 440
p438 446 7 450
p435 447 9 444
p433 449 16 447
p443 452 5 448
p439 454 14 446
p444 454 6 456
p445 454 6 455
p436 454 15 457
p442 455 10 451
p434 455 18 448
p451 455 2 453
p440 456 14 450
p447 456 4 455
p448 456 4 452
p441 456 13 457
p449 456 3 459
p437 457 18 445
p452 457 4 461
p455 458 1 461
p454 458 2 465
p456 459 2 461
p446 460 10 454
p459 460 1 468
p450 460 7 467
p457 460 1 467
p453 461 8 457
p460 462 1 479
p461 463 2 479
p458 464 5 472
p462 468 5 481
p463 469 6 467
p465 472 5 481
p464 473 8 481
p473 476 2 493
p466 476 9 486
p467 477 10 471
p468 478 8 486
p469 478 8 478
p472 479 5 476
p470 479 8 474
p476 479 2 480
p478 480 2 481
p474 480 5 496
p471 481 8 495
p475 483 7 498
p477 484 7 489
p479 484 3 487
p480 486 4 492
p481 488 5 502
p484 488 4 503
p485 488 3 488
p482 488 5 495
p483 488 5 502
p487 491 3 505
p490 493 2 501
p489 493 4 495
p486 494 8 500
p488 494 5 509
p493 495 2 496
p491 496 5 497
p492 496 3 505
p496 498 1 503
p498 501 2 520
p494 502 7 505
p495 502 7 518
p497 502 5 507
p499 502 1 516
p500 503 1 513
p503 504 1 514
p505 506 1 518
p501 506 4 515
p502 507 4 524
p504 508 3 522
p506 508 1 509
p507 508 1 524
p509 510 1 522
p510 512 2 530
p508 513 4 525
p511 515 4 514
p512 525 13 528
p519 525 5 537
p523 526 1 526
p513 526 12 533
p514 526 12 524
p521 526 3 525
p522 526 2 543
p516 527 10 524
p517 527 8 527
p515 527 11 526
p524 527 2 528
p520 527 6 532
p518 528 8 538
p525 534 9 535
p529 534 4 537
p527 534 7 533
p530 534 2 533
p533 535 1 537
p526 536 9 550
p528 538 9 538
p534 540 6 541
p532 543 9 536
p539 544 2 546
p538 545 5 545
p531 545 12 539
p535 546 10 545
p537 548 9 543
p544 549 4 557
p545 549 4 562
p540 549 7 543
p536 550 12 554
p543 550 5 551
p541 551 9 559
p542 552 9 554
p546 552 4 551
p547 553 5 553
p550 554 4 555
p551 556 4 556
p548 559 9 560
p549 559 9 560
p556 562 4 567
p553 562 9 566
p559 563 2 580
p552 563 10 564
p560 563 2 568
p558 563 3 574
p554 564 9 561
p557 564 5 578
p555 564 8 560
p561 564 2 574
p563 567 4 570
p566 568 2 571
p562 568 6 566
p564 568 3 576
p565 568 3 584
p567 570 2 587
p570 572 2 590
p568 572 4 589
p572 574 2 582
p569 576 6 589
p571 577 5 587
p574 577 2 593
p575 578 1 589
p578 579 1 586
p573 580 6 588
p576 582 5 597
p577 582 5 598
p581 583 2 602
p579 583 3 583
p580 583 2 586
p583 585 2 588
p584 585 1 605
p582 586 4 604
p585 587 1 593
p586 590 4 595
p587 592 5 591
p589 593 4 602
p588 595 7 609
p591 595 3 610
p590 596 6 612
p593 597 3 596
p592 597 5 597
p594 598 4 607
p595 598 3 607
p596 598 2 614
p598 599 1 604
p597 600 2 607
p599 601 1 621
136881
