p0 3 3 18
p3 4 1 19
p1 7 3 24
p7 8 1 28
p6 10 2 25
p5 12 2 21
p8 14 2 31
p13 15 1 19
p14 17 2 24
p17 18 1 35
p18 19 1 24
p10 21 2 15
p20 22 1 26
p21 23 1 29
p19 25 2 40
p24 26 1 30
p16 28 2 19
p23 30 2 44
p29 31 1 43
p30 32 1 33
p32 33 1 45
p33 34 1 52
p34 35 1 40
p26 37 2 32
p36 38 1 40
p27 40 2 45
p28 42 2 47
p11 44 2 21
p43 45 1 46
p9 47 2 17
p44 49 2 57
p49 50 1 69
p40 52 2 46
p50 54 2 68
p54 55 1 73
p55 56 1 62
p52 58 2 65
p56 60 2 62
p57 62 2 78
p61 63 1 69
p62 64 1 78
p59 66 2 62
p65 68 2 73
p67 69 1 74
p69 70 1 85
p66 72 2 83
p70 73 1 92
p71 74 1 74
p68 76 2 85
p75 77 1 87
p76 78 1 90
p77 79 1 83
p78 81 2 98
p79 83 2 93
p82 84 1 87
p83 85 1 105
p72 87 2 90
p87 88 1 106
p86 90 2 106
p89 91 1 102
p90 92 1 105
p80 94 2 90
p92 95 1 102
p93 97 2 97
p96 98 1 102
p97 99 1 102
p74 101 2 91
p99 102 1 106
p101 103 1 103
p98 105 2 113
p103 107 2 107
p108 109 1 119
p104 110 3 120
p105 112 2 113
p112 113 1 121
p113 115 1 126
p109 116 3 127
p115 117 1 135
p116 118 1 120
p114 120 2 130
p120 121 1 125
p121 122 1 138
p123 124 1 139
p111 125 3 117
p124 126 1 136
p119 128 2 141
p125 130 2 147
p129 131 1 145
p126 133 2 135
p127 135 2 140
p128 137 2 139
p131 139 2 140
p132 141 2 141
p141 142 1 158
p138 144 2 156
p145 146 1 161
p146 147 1 161
p133 148 4 136
p84 150 2 89
p151 152 1 154
p140 153 3 158
p153 154 1 169
p154 155 1 167
p155 156 1 176
p150 158 2 163
p158 160 1 173
p160 161 1 169
p144 162 4 161
p162 164 1 176
p147 165 3 162
p149 167 2 161
p159 169 2 164
p161 171 2 181
p163 173 2 170
p164 175 2 185
p73 177 2 92
p165 179 2 173
p178 180 1 192
p179 181 1 196
p180 183 2 200
p175 185 2 192
p183 187 2 187
p184 189 2 202
p186 191 2 197
p192 193 1 211
p187 194 3 202
p193 195 1 203
p189 197 2 210
p197 199 1 202
p190 200 3 200
p200 201 1 206
p201 202 1 210
p202 203 1 211
p191 205 2 212
p205 207 1 221
p195 208 3 207
p207 209 1 222
p196 211 2 205
p211 213 1 229
p203 214 3 216
p214 215 1 229
p215 216 1 232
p217 218 1 225
p199 219 3 204
p219 221 1 229
p209 223 4 230
p210 225 2 228
p224 226 1 233
p216 228 2 238
p227 229 1 231
p228 230 1 239
p218 232 2 237
p232 233 1 252
p213 235 2 226
p235 236 1 241
p225 238 2 230
p230 240 2 251
p223 242 2 234
p234 244 2 252
p237 246 2 247
p238 248 2 260
p239 250 2 256
p241 252 2 253
p251 253 1 269
p242 255 2 254
p243 257 2 250
p255 258 1 275
p247 260 2 269
p258 261 1 261
p245 263 2 250
p262 264 1 277
p263 265 1 277
p249 267 2 262
p250 269 2 268
p252 271 2 266
p254 273 2 269
p259 275 2 268
p264 277 2 275
p267 279 2 278
p278 280 1 293
p166 282 2 174
p269 284 2 291
p283 285 1 302
p285 286 1 305
p271 288 2 289
p287 289 1 293
p288 290 1 299
p275 292 2 295
p276 294 2 293
p293 295 1 304
p274 297 2 286
p296 298 1 305
p298 299 1 304
p282 301 2 295
p300 302 1 302
p301 303 1 304
p286 305 2 303
p290 307 2 305
p297 309 2 318
p299 311 2 303
p311 312 1 329
p291 314 2 308
p302 316 2 324
p305 318 2 315
p307 320 2 324
p308 322 2 316
p321 323 1 331
p309 325 2 317
p323 326 1 337
p325 327 1 341
p326 328 1 335
p327 329 1 337
p328 330 1 339
p330 331 1 334
p303 333 2 313
p319 335 2 328
p334 336 1 342
p336 337 1 353
p316 339 2 336
p317 341 2 337
p340 342 1 345
p342 343 1 345
p339 345 2 357
p345 347 1 360
p324 348 3 339
p347 349 1 358
p348 350 1 360
p350 351 1 352
p352 353 1 359
p182 354 3 193
p354 355 1 360
p310 357 2 332
p357 359 1 365
p359 360 1 361
p332 361 4 336
p338 363 2 352
p358 365 2 377
p356 367 2 359
p367 368 1 379
p368 370 1 373
p364 371 3 381
p371 372 1 388
p372 373 1 374
p373 374 1 377
p365 376 2 371
p376 378 1 379
p349 379 3 365
p353 381 2 366
p382 383 1 397
p344 384 3 348
p384 386 1 393
p386 387 1 402
p381 388 4 395
p355 390 2 377
p390 391 1 411
p385 393 2 404
p388 395 2 398
p391 397 2 399
p171 399 2 185
p400 401 1 416
p396 402 3 416
p399 404 2 419
p404 405 1 410
p405 407 1 417
p406 408 1 418
p401 409 4 411
p408 410 1 415
p409 411 1 413
p410 412 1 425
p403 414 2 411
p407 416 2 422
p402 418 2 421
p411 420 2 419
p420 422 1 435
p421 423 1 440
p414 424 4 429
p416 426 2 426
p417 428 2 440
p428 430 1 434
p418 431 3 424
p432 433 1 434
p419 434 3 423
p425 436 2 439
p431 438 2 439
p438 440 2 450
p435 442 2 444
p439 444 2 446
p443 445 1 448
p444 446 1 456
p445 447 1 455
p440 449 2 450
p447 450 1 455
p448 451 1 452
p449 452 1 459
p451 453 1 453
p452 454 1 461
p454 455 1 465
p441 457 2 457
p455 458 1 461
p456 459 1 461
p457 460 1 467
p459 461 1 468
p460 462 1 479
p442 464 2 451
p461 466 2 479
p462 468 2 481
p465 470 2 481
p172 472 2 187
p472 474 2 476
p473 475 1 493
p474 477 2 496
p476 478 1 480
p478 479 1 481
p479 481 1 487
p480 483 2 492
p464 485 6 481
p484 487 2 503
p485 489 2 488
p487 491 2 505
p490 492 1 501
p488 494 2 509
p493 495 1 496
p489 497 2 495
p496 498 1 503
p492 500 2 505
p498 501 1 520
p499 502 1 516
p500 503 1 513
p503 504 1 514
p502 506 2 524
p505 507 1 518
p506 508 1 509
p507 509 1 524
p509 510 1 522
p510 511 1 530
p504 513 2 522
p508 515 2 525
p511 517 2 514
p515 520 3 526
p519 521 1 537
p521 522 1 525
p522 523 1 543
p523 524 1 526
p520 526 2 532
p524 527 1 528
p527 529 2 533
p529 530 1 537
p530 531 1 533
p53 534 3 63
p533 535 1 537
p534 537 2 541
p535 539 2 545
p538 540 1 545
p539 541 1 546
p537 543 2 543
p544 545 1 557
p545 546 1 562
p540 547 4 543
p543 549 2 551
p546 551 2 551
p550 553 2 555
p551 555 2 556
p556 557 1 567
p553 558 3 566
p557 560 2 578
p559 561 1 580
p560 562 1 568
p561 563 1 574
p558 565 2 574
p566 567 1 571
p563 568 3 570
p564 570 2 576
p570 571 1 590
p572 573 1 582
p565 574 3 584
p574 575 1 593
p575 577 1 589
p567 578 3 587
p578 579 1 586
p568 581 2 589
p581 582 1 602
p583 584 1 588
p584 585 1 605
p571 586 4 587
p585 587 1 593
p579 589 2 583
p580 591 2 586
p591 592 1 610
p582 594 2 604
p586 596 2 595
p596 597 1 614
p598 599 1 604
p589 600 3 602
p599 601 1 621
p593 603 2 596
p597 605 2 607
p595 607 2 607
p590 610 3 612
p588 613 3 609
p577 616 3 598
p562 619 3 566
p576 622 3 597
p168 625 3 186
p569 628 3 589
p467 631 3 471
p143 634 3 157
p555 637 3 560
p273 640 3 291
p554 643 3 561
p552 646 3 564
p542 649 3 554
p548 652 3 560
p46 655 3 55
p265 659 4 279
p261 662 3 275
p536 665 3 554
p135 668 3 145
p532 671 3 536
p531 674 3 539
p526 677 3 550
p136 680 3 158
p518 683 3 538
p516 686 3 524
p514 689 3 524
p513 692 3 533
p483 695 3 502
p495 698 3 518
p22 701 3 28
p494 704 3 505
p248 707 3 263
p130 710 3 153
p486 713 3 500
p117 716 3 134
p482 719 3 495
p481 722 3 502
p118 725 3 132
p139 728 3 150
p471 731 3 495
p469 734 3 478
p468 737 3 486
p466 740 3 486
p463 743 3 467
p434 746 3 448
p450 749 3 467
p220 752 3 228
p229 755 3 234
p430 758 3 440
p437 761 3 445
p427 764 3 447
p206 767 3 212
p423 770 3 427
p48 773 3 53
p2 776 3 19
p424 779 3 438
p4 782 3 27
p412 785 3 428
p415 788 3 422
p12 791 3 30
p389 794 3 398
p63 797 3 73
p204 800 3 215
p398 803 3 409
p100 806 3 110
p394 809 3 415
p392 812 3 401
p383 815 3 406
p378 818 3 393
p102 821 3 120
p380 824 3 399
p379 827 3 403
p366 830 3 378
p369 833 3 386
p94 836 3 110
p47 839 3 62
p363 842 3 372
p361 845 3 366
p362 848 3 372
p91 851 3 97
p351 854 3 362
p346 858 4 358
p343 861 3 359
p95 864 3 106
p335 867 3 351
p333 870 3 346
p329 873 3 346
p41 876 3 47
p322 879 3 345
p318 882 3 340
p315 885 3 333
p314 888 3 321
p312 891 3 327
p88 894 3 110
p306 897 3 310
p304 900 3 309
p157 903 3 172
p152 906 3 166
p294 909 3 317
p167 912 3 175
p64 915 3 83
p587 918 3 591
p148 921 3 155
p156 924 3 170
p320 927 3 339
p270 930 3 275
p280 933 3 303
p38 936 3 57
p268 939 3 280
p256 942 3 262
p528 945 3 538
p525 948 3 535
p257 951 3 263
p517 954 3 527
p253 957 3 259
p142 960 3 147
p497 963 3 507
p477 966 3 489
p58 969 3 75
p25 972 3 48
p122 975 3 136
p231 978 3 243
p236 981 3 246
p137 984 3 151
p107 987 3 117
p436 990 3 457
p226 993 3 244
p429 996 3 451
p422 999 3 439
p212 1002 3 234
p45 1005 3 64
p31 1008 3 49
p198 1011 3 220
p393 1014 3 399
p188 1017 3 192
p39 1020 3 43
p35 1023 3 56
p185 1026 3 200
p106 1029 3 114
p233 1032 3 246
p375 1035 3 396
p374 1038 3 386
p181 1041 3 198
p176 1044 3 194
p174 1047 3 193
p331 1050 3 343
p170 1053 3 185
p85 1056 3 94
p313 1059 3 319
p37 1062 3 55
p81 1065 3 87
p295 1068 3 309
p284 1071 3 304
p279 1074 3 297
p277 1077 3 294
p292 1080 3 306
p512 1083 3 528
p134 1086 3 141
p60 1089 3 79
p260 1092 3 277
p246 1095 3 266
p470 1098 3 474
p240 1101 3 258
p272 1104 3 282
p222 1107 3 242
p433 1110 3 447
p426 1113 3 446
p413 1116 3 435
p397 1119 3 416
p387 1122 3 393
p51 1125 3 62
p370 1128 3 393
p377 1131 3 390
p360 1134 3 368
p337 1137 3 347
p173 1140 3 183
p169 1143 3 184
p177 1146 3 197
p15 1149 3 29
p281 1152 3 296
p266 1155 3 281
p244 1158 3 257
p491 1161 3 497
p475 1164 3 498
p458 1167 3 472
p221 1170 3 227
p208 1173 3 224
p194 1176 3 201
p42 1179 3 51
p341 1182 3 350
p592 1185 3 597
p594 1188 3 607
p547 1191 3 553
p501 1194 3 515
p446 1197 3 454
p110 1200 3 117
p395 1203 3 418
p289 1206 3 312
p549 1209 3 560
p453 1212 3 457
p573 1215 3 588
p541 1218 3 559
632
