p0 4 4 18
p3 7 4 19
p1 10 9 24
p5 13 7 21
p7 13 5 28
p2 14 11 19
p6 15 8 25
p9 16 6 17
p10 16 5 15
p4 17 12 27
p13 17 3 19
p8 17 7 31
p14 18 4 24
p11 18 4 21
p17 19 2 35
p16 20 3 19
p18 20 1 24
p12 20 6 30
p19 22 3 40
p20 23 3 26
p15 23 6 29
p21 24 2 29
p24 26 2 30
p23 29 5 44
p26 31 4 32
p27 32 5 45
p22 32 9 28
p25 32 6 48
p29 33 4 43
p28 33 5 47
p32 33 1 45
p30 33 1 33
p33 34 1 52
p34 35 1 40
p31 35 3 49
p35 39 4 56
p36 39 2 40
p37 45 8 55
p38 46 7 57
p43 47 2 46
p39 47 7 43
p40 49 7 46
p44 52 7 57
p49 53 2 69
p42 54 11 51
p41 55 12 47
p45 58 13 64
p54 59 4 73
p55 60 5 62
p50 60 9 68
p47 62 12 62
p52 62 7 65
p48 63 12 53
p46 64 15 55
p61 66 3 69
p51 66 14 62
p62 67 3 78
p56 67 7 62
p57 67 6 78
p53 67 12 63
p59 67 6 62
p67 69 2 74
p58 69 8 75
p65 69 4 73
p60 69 7 79
p64 70 5 83
p66 71 4 83
p63 71 6 73
p69 72 3 85
p70 72 1 92
p71 73 2 74
p68 73 5 85
p72 76 4 90
p73 77 4 92
p75 78 2 87
p76 79 2 90
p77 80 2 83
p74 80 6 91
p78 83 4 98
p82 84 2 87
p79 84 4 93
p80 85 4 90
p83 86 1 105
p81 87 5 87
p84 89 4 89
p87 90 2 106
p86 91 3 106
p89 91 1 102
p90 91 1 105
p85 91 6 94
p88 92 4 110
p91 94 3 97
p92 94 1 102
p93 95 2 97
p96 97 1 102
p97 99 2 102
p94 100 6 110
p95 100 4 106
p98 101 2 113
p99 101 1 106
p101 102 1 103
p100 104 4 110
p103 106 3 107
p102 106 4 120
p105 107 2 113
p104 107 2 120
p108 110 2 119
p107 111 4 117
p106 111 4 114
p109 112 3 127
p112 115 2 121
p113 117 2 126
p111 117 6 117
p110 118 8 117
p115 119 2 135
p116 119 2 120
p114 120 4 130
p120 123 2 125
p121 124 2 138
p119 125 6 141
p117 126 8 134
p124 126 1 136
p123 126 2 139
p118 127 8 132
p125 129 4 147
p122 130 7 136
p126 132 4 135
p127 132 4 140
p129 133 3 145
p128 134 5 139
p131 139 7 140
p133 139 4 136
p130 141 10 153
p132 141 7 141
p138 146 7 156
p141 147 6 158
p134 147 11 141
p136 148 10 158
p137 149 11 151
p135 150 13 145
p145 152 4 161
p146 154 4 161
p140 154 13 158
p139 154 14 150
p144 160 12 161
p153 161 5 169
p154 163 5 167
p155 163 4 176
p151 163 8 154
p150 165 13 163
p143 166 21 157
p158 167 4 173
p142 168 24 147
p147 168 18 162
p160 169 6 169
p149 169 18 161
p148 171 21 155
p162 173 7 176
p159 176 13 164
p152 176 20 166
p161 176 12 181
p164 177 8 185
p165 178 8 173
p157 179 18 172
p166 179 8 174
p163 180 12 170
p156 183 22 170
p172 187 12 187
p171 187 15 185
p170 188 16 185
p175 188 11 192
p178 188 5 192
p179 188 4 196
p167 188 17 175
p168 188 17 186
p169 188 17 184
p173 192 17 183
p176 192 14 194
p180 192 8 200
p174 192 16 193
p182 192 7 193
p177 193 12 197
p187 194 6 202
p183 194 7 187
p184 194 7 202
p186 194 7 197
p181 195 10 198
p192 195 2 211
p185 195 8 200
p189 195 5 210
p191 196 3 212
p190 196 5 200
p193 196 2 203
p188 196 7 192
p195 199 3 207
p197 201 2 202
p196 201 5 205
p194 201 6 201
p200 202 2 206
p199 204 4 204
p201 204 2 210
p202 204 2 211
p198 205 5 220
p203 206 2 216
p205 207 1 221
p204 208 4 215
p207 211 3 222
p206 212 6 212
p209 212 2 230
p211 215 3 229
p208 216 7 224
p210 217 6 228
p214 217 1 229
p217 218 1 225
p215 218 1 232
p213 219 5 226
p212 220 6 234
p216 221 4 238
p219 222 1 229
p218 224 5 237
p223 228 5 234
p224 228 2 233
p220 228 7 228
p221 228 5 227
p222 229 6 242
p227 229 1 231
p225 229 3 230
p228 231 2 239
p226 233 7 244
p232 235 2 252
p229 238 8 234
p230 238 6 251
p235 238 2 241
p234 239 4 252
p231 241 9 243
p233 243 9 246
p237 244 7 247
p241 249 8 253
p238 249 8 260
p239 249 8 256
p236 249 12 246
p247 251 4 269
p243 252 5 250
p240 252 11 258
p245 252 5 250
p242 253 8 254
p244 256 9 257
p251 256 3 269
p249 257 7 262
p248 258 9 263
p246 259 12 266
p250 259 6 268
p252 261 7 266
p255 261 5 275
p254 262 6 269
p258 263 2 261
p262 269 4 277
p253 269 15 259
p257 271 11 263
p263 271 5 277
p259 271 10 268
p256 271 12 262
p260 273 12 277
p264 273 7 275
p261 274 10 275
p269 276 6 291
p267 278 9 278
p271 280 8 289
p266 282 13 281
p265 282 14 279
p268 284 15 280
p270 286 15 275
p278 286 3 293
p272 286 14 282
p275 287 8 295
p274 289 12 286
p283 289 5 302
p276 290 11 293
p282 291 7 295
p285 291 4 305
p273 292 16 291
p287 292 3 293
p280 293 9 303
p286 294 6 303
p288 294 3 299
p277 294 14 294
p284 295 11 304
p279 295 11 297
p281 295 11 296
p293 296 1 304
p290 297 6 305
p291 297 5 308
p296 300 2 305
p298 301 3 304
p289 301 10 312
p292 302 10 306
p300 306 4 302
p297 307 9 318
p301 307 4 304
p299 307 7 303
p294 307 12 317
p295 308 13 309
p302 309 5 324
p303 311 5 313
p305 312 6 315
p304 314 8 309
p307 314 5 324
p308 314 5 316
p311 314 2 329
p309 315 5 317
p306 315 9 310
p310 316 4 332
p313 324 11 319
p316 324 7 336
p312 324 11 327
p317 326 9 337
p321 328 4 331
p319 329 8 328
p314 329 13 321
p325 330 2 341
p315 330 14 333
p327 331 3 337
p323 331 5 337
p326 333 5 335
p324 334 7 339
p328 334 6 339
p318 334 14 340
p330 336 4 334
p322 337 13 345
p320 337 15 339
p334 339 2 342
p332 340 5 336
p336 341 4 353
p329 343 11 346
p340 345 3 345
p342 346 2 345
p331 346 13 343
p335 347 10 351
p333 348 13 346
p338 348 8 352
p337 348 11 347
p339 348 7 357
p345 348 1 360
p344 350 4 348
p347 350 2 358
p348 350 2 360
p341 350 7 350
p343 352 6 359
p350 353 2 352
p352 354 2 359
p346 354 6 358
p349 354 3 365
p353 356 3 366
p354 356 2 360
p351 356 4 362
p355 358 2 377
p356 358 2 359
p357 359 1 365
p359 360 1 361
p358 361 3 377
p360 365 5 368
p361 367 5 366
p364 368 3 381
p365 369 4 371
p362 369 7 372
p363 370 5 372
p367 370 2 379
p368 371 2 373
p371 373 1 388
p372 374 2 374
p366 374 6 378
p373 375 2 377
p369 375 6 386
p370 376 5 393
p376 380 3 379
p374 381 7 386
p375 387 11 396
p382 388 4 397
p377 391 13 390
p381 391 8 395
p378 392 13 393
p384 392 3 393
p390 393 3 411
p386 393 4 402
p380 394 12 399
p379 396 14 403
p385 396 7 404
p383 398 14 406
p388 401 11 398
p387 403 13 393
p391 403 9 399
p389 403 13 398
p396 403 4 416
p400 404 3 416
p399 407 6 419
p392 411 15 401
p405 412 1 417
p393 412 15 399
p394 413 15 415
p395 413 14 418
p408 414 3 415
p404 414 6 410
p397 414 15 416
p401 414 12 411
p402 414 11 421
p406 414 3 418
p398 414 14 409
p403 415 7 411
p409 415 4 413
p410 415 4 425
p407 416 5 422
p411 416 5 419
p414 419 4 429
p412 421 7 428
p413 423 8 435
p416 423 7 426
p415 423 8 422
p420 425 3 435
p421 425 3 440
p418 425 5 424
p417 425 6 440
p419 427 5 423
p423 431 7 427
p428 432 2 434
p425 432 6 439
p422 433 10 439
p424 434 8 438
p426 438 12 446
p432 439 4 434
p427 441 12 447
p431 443 9 439
p429 444 14 451
p435 448 11 444
p438 448 8 450
p430 451 18 440
p443 452 5 448
p444 453 5 456
p445 454 6 455
p439 456 14 446
p447 457 5 455
p448 457 5 452
p440 458 15 450
p433 458 23 447
p434 458 22 448
p449 458 4 459
p451 460 5 453
p452 461 5 461
p436 462 25 457
p441 462 17 457
p442 462 16 451
p455 463 3 461
p456 464 4 461
p457 465 3 467
p454 466 8 465
p437 466 26 445
p459 466 4 468
p460 469 6 479
p446 471 21 454
p450 475 21 467
p461 477 14 479
p453 477 20 457
p465 477 7 481
p458 478 16 472
p462 478 11 481
p473 481 6 493
p476 484 6 480
p472 484 9 476
p474 486 11 496
p463 486 18 467
p468 487 16 486
p479 489 4 487
p464 490 21 481
p478 490 9 481
p466 490 20 486
p467 490 20 471
p469 492 21 478
p470 492 20 474
p475 493 18 498
p471 493 19 495
p480 495 10 492
p490 496 4 501
p484 496 8 503
p485 496 8 488
p477 496 16 489
p487 497 6 505
p492 497 5 505
p483 498 11 502
p493 498 4 496
p488 498 6 509
p489 498 6 495
p481 498 13 502
p482 498 13 495
p486 499 9 500
p496 500 2 503
p491 500 8 497
p498 501 1 520
p499 503 3 516
p500 504 1 513
p494 505 9 505
p495 505 9 518
p503 506 3 514
p497 506 8 507
p505 509 2 518
p502 510 7 524
p506 510 2 509
p507 511 3 524
p509 513 2 522
p501 513 10 515
p510 514 2 530
p504 515 9 522
p511 518 6 514
p508 518 7 525
p513 522 7 533
p519 523 3 537
p512 523 11 528
p521 524 2 525
p516 525 9 524
p522 526 3 543
p520 526 6 532
p514 526 10 524
p515 526 10 526
p517 527 8 527
p524 527 1 528
p523 528 4 526
p518 528 8 538
p530 535 3 533
p529 535 5 537
p527 536 8 533
p533 537 1 537
p525 539 13 535
p526 539 11 550
p528 541 12 538
p535 544 8 545
p539 545 4 546
p538 547 6 545
p531 548 15 539
p534 548 12 541
p532 548 15 536
p537 551 11 543
p544 552 5 557
p545 554 5 562
p540 554 12 543
p536 555 16 554
p543 556 10 551
p542 559 15 554
p550 559 7 555
p546 559 9 551
p541 561 18 559
p547 562 11 553
p553 563 8 566
p556 563 5 567
p551 563 11 556
p548 564 12 560
p549 564 12 560
p559 564 3 580
p560 564 2 568
p557 565 7 578
p558 565 7 574
p561 565 2 574
p552 565 10 564
p554 565 9 561
p555 566 8 560
p563 567 4 570
p566 568 1 571
p564 569 4 576
p565 569 3 584
p562 569 6 566
p567 570 3 587
p568 572 4 589
p570 573 3 590
p572 575 2 582
p571 575 4 587
p574 576 2 593
p569 576 6 589
p575 577 1 589
p573 579 6 588
p578 580 1 586
p579 583 4 583
p581 584 1 602
p576 584 7 597
p577 584 6 598
p583 585 2 588
p584 586 2 605
p580 586 4 586
p582 587 4 604
p585 589 2 593
p586 593 6 595
p591 596 4 610
p589 596 7 602
p587 596 8 591
p588 596 8 609
p596 597 1 614
p593 597 2 596
p590 598 7 612
p595 598 3 607
p592 598 4 597
p594 598 3 607
p598 599 1 604
p597 600 2 607
p599 601 1 621
80168
