p0 3 3 18
p3 4 1 19
p1 6 5 24
p2 9 6 19
p7 9 1 28
p5 9 4 21
p6 9 2 25
p4 10 5 27
p8 11 2 31
p9 12 2 17
p10 12 2 15
p11 15 4 21
p13 15 2 19
p14 17 3 24
p12 19 7 30
p16 20 4 19
p17 20 2 35
p18 21 2 24
p15 23 7 29
p20 23 2 26
p19 24 5 40
p21 24 2 29
p24 25 1 30
p23 29 5 44
p22 30 7 28
p29 32 1 43
p25 35 10 48
p28 35 6 47
p30 35 4 33
p26 35 7 32
p27 35 7 45
p33 36 2 52
p34 36 1 40
p32 37 3 45
p36 39 2 40
p31 41 10 49
p35 45 9 56
p40 47 5 46
p37 49 11 55
p43 49 4 46
p39 50 10 43
p38 51 11 57
p49 52 1 69
p42 53 11 51
p44 54 9 57
p41 56 14 47
p50 60 9 68
p54 60 3 73
p46 60 10 55
p55 60 3 62
p45 60 13 64
p47 61 11 62
p52 63 7 65
p51 65 14 62
p48 65 14 53
p57 65 8 78
p56 66 9 62
p53 68 11 63
p61 69 5 69
p62 69 4 78
p59 70 8 62
p67 72 3 74
p69 73 2 85
p58 74 12 75
p70 75 2 92
p71 75 2 74
p60 76 13 79
p65 76 10 73
p68 77 7 85
p66 77 8 83
p63 78 13 73
p72 79 6 90
p76 80 3 90
p64 80 14 83
p75 80 4 87
p77 81 3 83
p74 82 7 91
p73 83 9 92
p78 88 8 98
p82 88 4 87
p83 89 3 105
p79 89 8 93
p80 89 7 90
p84 90 4 89
p87 90 2 106
p86 91 3 106
p81 92 9 87
p89 93 2 102
p90 93 2 105
p85 94 8 94
p88 97 9 110
p92 99 4 102
p97 100 2 102
p96 100 3 102
p93 101 6 97
p91 103 12 97
p99 105 4 106
p101 107 4 103
p94 107 11 110
p98 110 10 113
p95 110 14 106
p108 111 1 119
p105 113 5 113
p100 113 11 110
p103 113 8 107
p102 114 10 120
p104 114 6 120
p112 117 3 121
p109 117 7 127
p106 119 9 114
p113 119 3 126
p110 121 11 117
p111 121 10 117
p115 122 5 135
p116 122 4 120
p107 123 13 117
p120 126 3 125
p114 127 10 130
p124 128 2 136
p121 128 4 138
p123 129 4 139
p119 130 8 141
p117 131 12 134
p125 133 7 147
p118 135 14 132
p122 136 11 136
p129 136 6 145
p126 138 8 135
p127 139 9 140
p128 139 9 139
p141 149 4 158
p130 149 19 153
p131 151 18 140
p132 151 17 141
p133 152 17 136
p145 153 6 161
p146 156 5 161
p151 161 6 154
p134 161 24 141
p138 162 19 156
p140 163 19 158
p153 164 7 169
p154 165 8 167
p135 166 26 145
p155 168 9 176
p136 169 28 158
p137 170 29 151
p144 170 23 161
p147 170 18 162
p143 171 26 157
p139 171 27 150
p162 172 2 176
p158 173 7 173
p149 173 19 161
p150 173 19 163
p160 173 5 169
p142 173 28 147
p148 177 25 155
p159 180 14 164
p161 183 14 181
p156 185 23 170
p152 186 29 166
p163 186 16 170
p164 186 16 185
p165 186 16 173
p166 186 16 174
p171 190 15 185
p172 192 15 187
p178 193 12 192
p179 193 12 196
p157 193 29 172
p168 195 25 186
p169 197 27 184
p175 197 16 192
p170 198 28 185
p167 199 29 175
p192 202 3 211
p173 203 26 183
p180 203 22 200
p193 204 5 203
p182 205 19 193
p183 206 19 187
p184 208 19 202
p176 210 29 194
p186 211 20 197
p174 211 30 193
p197 211 9 202
p177 211 30 197
p187 211 17 202
p200 211 6 206
p201 211 4 210
p195 212 12 207
p196 212 11 205
p189 212 16 210
p202 212 5 211
p190 212 14 200
p191 212 14 212
p181 212 26 198
p205 212 1 221
p207 213 2 222
p185 213 23 200
p199 213 11 204
p188 213 19 192
p211 213 1 229
p198 214 12 220
p210 214 3 228
p203 214 3 216
p194 215 15 201
p209 215 4 230
p204 215 4 215
p214 216 1 229
p206 216 5 212
p208 216 5 224
p215 216 1 232
p213 216 3 226
p212 217 4 234
p217 218 1 225
p216 218 2 238
p218 221 2 237
p219 221 1 229
p220 226 6 228
p224 228 2 233
p223 229 6 234
p227 231 3 231
p221 231 9 227
p222 231 9 242
p225 232 6 230
p228 232 2 239
p235 240 3 241
p232 240 6 252
p226 241 14 244
p230 241 8 251
p234 242 6 252
p229 245 15 234
p233 247 12 246
p238 250 9 260
p237 250 12 247
p231 250 17 243
p239 251 10 256
p241 253 12 253
p236 254 16 246
p243 255 8 250
p240 257 16 258
p242 257 12 254
p247 258 9 269
p245 258 11 250
p251 259 7 269
p249 260 9 262
p255 260 2 275
p250 261 10 268
p246 264 16 266
p244 264 17 257
p258 265 5 261
p248 265 15 263
p254 266 9 269
p252 268 12 266
p263 269 3 277
p259 272 11 268
p253 272 16 259
p262 273 8 277
p256 277 18 262
p264 278 12 275
p257 280 21 263
p260 280 16 277
p267 281 11 278
p261 281 16 275
p269 281 8 291
p274 282 7 286
p278 283 2 293
p266 285 16 281
p271 285 11 289
p265 285 18 279
p268 286 13 280
p283 288 2 302
p275 288 10 295
p276 288 9 293
p270 288 14 275
p272 288 14 282
p273 288 14 291
p285 289 3 305
p277 290 10 294
p282 291 5 295
p279 292 11 297
p280 293 12 303
p287 294 6 293
p288 295 4 299
p281 296 15 296
p286 296 10 303
p293 298 3 304
p284 298 12 304
p296 299 1 305
p291 300 7 308
p298 301 3 304
p290 301 8 305
p289 303 11 312
p297 304 6 318
p300 305 4 302
p292 306 12 306
p294 306 9 317
p301 306 4 304
p295 307 10 309
p299 307 6 303
p302 310 6 324
p303 312 8 313
p307 314 6 324
p305 315 8 315
p308 316 8 316
p311 317 5 329
p304 317 12 309
p309 318 7 317
p306 318 10 310
p310 319 7 332
p314 324 9 321
p316 325 7 336
p312 325 11 327
p317 325 7 337
p313 325 10 319
p321 325 3 331
p315 325 10 333
p323 327 2 337
p319 327 8 328
p325 327 2 341
p318 329 10 340
p324 329 4 339
p320 330 8 339
p326 330 2 335
p322 330 7 345
p327 330 2 337
p328 330 2 339
p330 332 2 334
p329 335 6 346
p334 337 2 342
p331 337 6 343
p332 338 5 336
p336 340 3 353
p333 343 10 346
p342 347 4 345
p340 347 6 345
p338 347 8 352
p339 348 8 357
p335 348 12 351
p345 349 2 360
p337 349 10 347
p341 350 8 350
p347 352 4 358
p348 352 4 360
p343 353 7 359
p350 356 4 352
p344 356 9 348
p346 357 10 358
p352 358 4 359
p354 360 4 360
p349 362 10 365
p353 367 12 366
p357 368 8 365
p359 369 7 361
p355 371 13 377
p356 371 12 359
p351 371 17 362
p368 371 2 373
p358 371 10 377
p367 372 3 379
p364 375 9 381
p360 376 12 368
p365 376 8 371
p361 378 13 366
p372 378 4 374
p362 379 13 372
p371 379 7 388
p363 379 13 372
p373 380 5 377
p366 385 16 378
p370 387 16 393
p376 388 7 379
p369 389 19 386
p382 389 4 397
p384 391 5 393
p386 391 4 402
p381 393 8 395
p375 393 13 396
p377 395 13 390
p374 396 20 386
p380 397 13 399
p385 397 11 404
p390 398 6 411
p378 399 16 393
p379 399 16 403
p388 399 10 398
p383 400 14 406
p389 401 11 398
p387 403 14 393
p391 403 9 399
p400 406 5 416
p396 407 9 416
p395 408 10 418
p392 408 13 401
p393 408 13 399
p399 408 9 419
p397 409 10 416
p394 409 12 415
p404 409 2 410
p405 409 2 417
p406 409 2 418
p398 409 10 409
p403 410 3 411
p401 410 6 411
p402 410 5 421
p409 411 2 413
p408 411 2 415
p407 411 3 422
p410 412 1 425
p411 413 2 419
p412 416 4 428
p413 418 4 435
p414 419 4 429
p416 420 4 426
p415 421 6 422
p417 423 4 440
p420 424 2 435
p421 425 3 440
p418 426 6 424
p419 427 7 423
p428 432 3 434
p422 433 8 439
p425 433 6 439
p424 435 8 438
p426 436 9 446
p423 437 12 427
p432 438 4 434
p427 440 11 447
p429 442 13 451
p430 443 12 440
p438 444 4 450
p431 444 11 439
p435 448 10 444
p439 448 8 446
p433 450 15 447
p436 451 12 457
p443 451 6 448
p440 451 11 450
p441 452 9 457
p434 452 15 448
p447 453 4 455
p444 453 5 456
p445 453 4 455
p448 454 4 452
p437 454 14 445
p442 454 10 451
p452 454 1 461
p449 454 2 459
p451 455 2 453
p454 456 2 465
p446 457 8 454
p455 458 2 461
p456 458 2 461
p453 460 6 457
p450 460 8 467
p457 460 1 467
p459 461 2 468
p460 463 2 479
p458 467 8 472
p461 467 6 479
p462 470 6 481
p465 471 5 481
p463 473 9 467
p464 474 9 481
p466 478 11 486
p473 478 2 493
p476 481 4 480
p467 481 14 471
p472 483 11 476
p478 483 2 481
p474 484 8 496
p468 484 13 486
p469 484 13 478
p479 484 2 487
p470 484 12 474
p471 486 14 495
p480 488 6 492
p475 489 12 498
p477 491 12 489
p484 492 8 503
p483 493 9 502
p487 494 5 505
p481 494 11 502
p482 494 11 495
p485 494 6 488
p490 494 3 501
p488 495 4 509
p486 496 8 500
p493 498 3 496
p489 498 7 495
p492 499 7 505
p498 501 1 520
p491 501 10 497
p496 501 2 503
p499 502 1 516
p500 503 2 513
p494 505 8 505
p495 505 8 518
p497 506 7 507
p503 507 3 514
p505 509 1 518
p506 509 1 509
p507 509 1 524
p502 509 6 524
p504 510 3 522
p501 510 7 515
p509 511 2 522
p508 511 2 525
p510 512 1 530
p511 513 2 514
p512 516 4 528
p513 518 4 533
p514 518 4 524
p516 523 7 524
p519 524 4 537
p515 524 9 526
p522 525 2 543
p517 526 9 527
p521 526 4 525
p520 527 6 532
p518 528 10 538
p524 528 2 528
p523 529 5 526
p530 533 1 533
p529 533 3 537
p527 534 6 533
p525 534 8 535
p533 535 1 537
p526 535 7 550
p528 536 7 538
p531 536 4 539
p532 538 6 536
p534 538 4 541
p535 540 4 545
p538 541 3 545
p537 541 4 543
p536 543 6 554
p539 543 2 546
p544 546 1 557
p540 547 5 543
p545 548 3 562
p541 549 7 559
p542 549 7 554
p543 550 5 551
p546 552 5 551
p547 553 5 553
p550 555 4 555
p551 558 6 556
p548 559 9 560
p549 559 8 560
p556 562 4 567
p553 562 9 566
p552 563 10 564
p560 563 1 568
p557 564 6 578
p561 565 3 574
p559 565 4 580
p558 566 7 574
p555 569 12 560
p554 569 13 561
p566 570 2 571
p564 574 7 576
p563 574 8 570
p570 575 3 590
p565 575 8 584
p562 575 13 566
p567 575 6 587
p574 575 1 593
p568 575 6 589
p572 575 1 582
p571 576 3 587
p569 577 6 589
p575 577 1 589
p573 579 5 588
p578 580 2 586
p576 584 7 597
p579 585 5 583
p581 585 3 602
p577 586 9 598
p583 587 3 588
p580 588 6 586
p584 589 3 605
p582 589 7 604
p585 589 1 593
p586 591 3 595
p589 592 3 602
p591 592 1 610
p587 593 5 591
p588 593 5 609
p590 595 4 612
p593 596 3 596
p592 596 4 597
p596 597 1 614
p594 598 4 607
p595 598 2 607
p598 599 1 604
p597 600 2 607
p599 601 1 621
132574
