p0 3 3 18
p1 4 3 24
p3 4 1 19
p2 7 4 19
p5 8 3 21
p7 8 1 28
p6 9 3 25
p4 9 4 27
p8 12 3 31
p10 13 3 15
p9 14 4 17
p13 15 1 19
p11 16 5 21
p14 19 5 24
p17 19 1 35
p12 21 9 30
p18 21 3 24
p20 23 1 26
p16 23 6 19
p15 24 8 29
p21 24 2 29
p19 25 4 40
p24 27 2 30
p23 28 3 44
p22 28 6 28
p25 31 6 48
p26 31 4 32
p27 31 4 45
p29 31 1 43
p30 32 1 33
p28 32 4 47
p32 33 1 45
p33 34 1 52
p31 34 3 49
p34 35 1 40
p36 38 1 40
p35 39 4 56
p37 43 6 55
p43 45 1 46
p38 47 8 57
p40 47 5 46
p39 47 7 43
p44 49 5 57
p41 52 9 47
p42 52 9 51
p49 53 2 69
p45 54 8 64
p50 57 6 68
p46 57 10 55
p54 58 3 73
p52 59 6 65
p47 61 11 62
p48 61 11 53
p55 61 4 62
p53 63 10 63
p51 63 11 62
p57 64 4 78
p61 64 3 69
p59 65 4 62
p56 65 6 62
p62 66 3 78
p58 68 7 75
p67 71 3 74
p60 71 10 79
p65 72 6 73
p69 73 3 85
p66 74 6 83
p70 75 2 92
p71 76 3 74
p63 76 13 73
p64 76 11 83
p68 78 8 85
p75 80 2 87
p76 81 3 90
p77 81 2 83
p72 81 8 90
p74 81 4 91
p73 82 8 92
p78 84 5 98
p79 85 5 93
p82 85 2 87
p83 86 2 105
p80 86 6 90
p81 89 7 87
p84 90 4 89
p87 91 3 106
p86 92 4 106
p89 92 1 102
p90 92 1 105
p85 93 7 94
p88 94 5 110
p91 96 4 97
p92 96 3 102
p93 98 5 97
p96 100 3 102
p99 101 1 106
p97 101 3 102
p95 102 7 106
p94 103 8 110
p101 103 2 103
p98 103 3 113
p100 104 4 110
p102 105 3 120
p103 105 2 107
p104 108 3 120
p105 109 3 113
p108 110 2 119
p106 111 4 114
p107 112 5 117
p109 113 4 127
p112 114 1 121
p111 115 2 117
p110 115 5 117
p113 116 2 126
p114 117 2 130
p115 117 1 135
p116 117 1 120
p117 121 4 134
p118 122 4 132
p120 122 2 125
p119 122 3 141
p121 123 2 138
p123 124 1 139
p124 126 1 136
p122 126 4 136
p125 127 2 147
p126 129 2 135
p127 130 2 140
p128 130 2 139
p129 131 1 145
p131 134 3 140
p130 135 5 153
p132 136 4 141
p133 138 5 136
p141 144 2 158
p134 144 9 141
p136 144 6 158
p138 145 5 156
p135 146 9 145
p140 146 5 158
p137 147 9 151
p139 148 8 150
p145 149 3 161
p142 152 10 147
p146 152 5 161
p144 153 7 161
p151 154 2 154
p147 156 6 162
p143 156 11 157
p149 157 7 161
p155 157 1 176
p153 157 3 169
p150 157 6 163
p154 158 3 167
p148 159 9 155
p158 162 2 173
p152 162 9 166
p160 164 3 169
p159 165 4 164
p156 167 9 170
p162 167 3 176
p161 169 8 181
p157 170 11 172
p163 174 9 170
p166 176 6 174
p164 176 9 185
p165 177 9 173
p167 183 13 175
p171 183 10 185
p168 184 14 186
p169 184 13 184
p175 184 9 192
p178 184 4 192
p179 184 4 196
p170 184 12 185
p172 184 9 187
p173 189 14 183
p180 191 8 200
p174 192 17 193
p182 194 10 193
p184 196 12 202
p176 197 18 194
p183 197 13 187
p192 198 3 211
p177 198 18 197
p181 199 15 198
p187 199 9 202
p193 200 4 203
p189 201 7 210
p186 201 12 197
p190 201 7 200
p191 202 8 212
p197 203 4 202
p200 203 1 206
p188 204 13 192
p185 204 16 200
p201 205 3 210
p195 205 7 207
p196 205 7 205
p199 206 6 204
p202 206 4 211
p194 208 11 201
p198 209 10 220
p205 210 3 221
p203 211 6 216
p207 213 3 222
p204 215 10 215
p211 215 2 229
p209 215 5 230
p210 216 4 228
p206 216 9 212
p214 216 2 229
p215 217 2 232
p208 217 7 224
p213 217 3 226
p212 218 5 234
p217 219 2 225
p216 220 3 238
p219 222 2 229
p218 223 4 237
p220 226 6 228
p224 226 1 233
p223 227 3 234
p221 228 6 227
p222 228 6 242
p225 229 4 230
p227 230 2 231
p228 231 1 239
p226 233 7 244
p232 234 2 252
p229 234 4 234
p230 235 4 251
p231 237 6 243
p234 239 5 252
p235 239 3 241
p233 241 8 246
p237 243 6 247
p239 244 4 256
p238 244 5 260
p236 245 8 246
p241 245 4 253
p242 246 3 254
p240 247 6 258
p243 248 4 250
p245 249 4 250
p244 251 6 257
p247 251 4 269
p246 253 6 266
p251 254 1 269
p249 256 5 262
p248 257 9 263
p250 257 4 268
p252 257 4 266
p255 258 2 275
p253 259 6 259
p258 263 3 261
p254 264 9 269
p262 268 3 277
p263 268 2 277
p259 268 7 268
p256 269 11 262
p264 270 4 275
p257 272 13 263
p260 273 11 277
p267 276 9 278
p261 276 12 275
p266 277 10 281
p265 279 12 279
p271 281 7 289
p269 282 10 291
p274 283 9 286
p268 284 12 280
p270 288 15 275
p275 289 12 295
p276 289 11 293
p278 289 8 293
p272 291 17 282
p273 291 17 291
p283 291 5 302
p288 293 2 299
p285 294 5 305
p287 295 5 293
p282 296 10 295
p277 296 16 294
p293 297 2 304
p281 298 14 296
p279 298 16 297
p286 299 10 303
p280 299 17 303
p290 299 8 305
p291 300 9 308
p284 301 13 304
p296 303 2 305
p300 303 2 302
p289 304 13 312
p298 304 3 304
p301 306 4 304
p294 306 10 317
p299 307 6 303
p295 307 11 309
p292 308 13 306
p297 308 7 318
p302 310 7 324
p303 312 7 313
p305 313 7 315
p308 316 8 316
p304 318 12 309
p311 319 5 329
p307 319 11 324
p306 322 15 310
p310 323 10 332
p309 324 12 317
p321 325 1 331
p312 326 12 327
p317 327 7 337
p313 329 14 319
p323 329 5 337
p316 329 10 336
p319 330 8 328
p324 330 6 339
p325 330 5 341
p326 331 2 335
p327 332 3 337
p314 332 16 321
p328 332 3 339
p315 332 15 333
p322 333 9 345
p318 334 12 340
p320 335 11 339
p330 335 3 334
p334 338 3 342
p329 339 10 346
p336 341 4 353
p332 342 8 336
p331 343 10 343
p333 344 10 346
p340 346 4 345
p335 347 12 351
p338 348 8 352
p342 349 5 345
p345 351 3 360
p339 352 11 357
p337 353 14 347
p347 353 3 358
p348 353 3 360
p352 354 2 359
p341 355 12 350
p350 356 4 352
p344 356 10 348
p343 358 12 359
p349 359 7 365
p354 359 3 360
p346 360 11 358
p353 361 6 366
p355 361 4 377
p356 362 5 359
p351 362 10 362
p357 362 3 365
p359 362 2 361
p358 363 3 377
p360 365 5 368
p361 367 5 366
p362 368 6 372
p367 369 2 379
p364 370 6 381
p365 373 6 371
p363 373 9 372
p368 374 4 373
p371 377 4 388
p372 378 3 374
p373 380 4 377
p376 381 3 379
p366 382 15 378
p369 384 13 386
p370 386 14 393
p382 386 2 397
p374 388 12 386
p381 388 5 395
p375 389 11 396
p386 390 3 402
p377 391 13 390
p384 391 5 393
p378 392 13 393
p380 393 11 399
p379 394 12 403
p385 395 9 404
p390 395 3 411
p383 395 11 406
p388 397 6 398
p391 399 6 399
p387 399 9 393
p389 400 9 398
p392 401 7 401
p393 401 7 399
p394 402 8 415
p400 402 2 416
p395 403 7 418
p396 403 6 416
p399 404 5 419
p397 405 8 416
p404 407 2 410
p398 407 8 409
p401 407 4 411
p402 408 5 421
p405 409 2 417
p406 409 2 418
p403 410 5 411
p407 411 3 422
p408 411 2 415
p409 411 2 413
p410 412 2 425
p411 414 3 419
p412 416 4 428
p414 418 3 429
p413 422 8 435
p420 423 1 435
p421 424 2 440
p415 424 9 422
p416 424 7 426
p417 424 5 440
p419 425 3 423
p418 425 5 424
p423 432 8 427
p425 433 7 439
p422 434 10 439
p424 435 10 438
p428 436 6 434
p426 438 11 446
p432 439 5 434
p427 443 14 447
p438 445 5 450
p429 447 16 451
p431 447 13 439
p430 451 17 440
p443 453 6 448
p433 453 19 447
p435 453 16 444
p444 454 5 456
p445 456 7 455
p447 457 4 455
p448 457 4 452
p440 458 15 450
p449 459 5 459
p434 460 25 448
p439 460 19 446
p454 460 2 465
p437 461 21 445
p455 462 3 461
p456 463 3 461
p441 463 19 457
p436 463 25 457
p451 463 7 453
p442 463 17 451
p452 463 7 461
p457 465 5 467
p460 466 3 479
p459 467 6 468
p450 471 16 467
p446 472 20 454
p461 474 10 479
p453 474 18 457
p462 474 10 481
p458 475 15 472
p463 477 13 467
p465 477 9 481
p473 477 3 493
p464 478 13 481
p472 482 8 476
p478 483 2 481
p466 483 14 486
p470 483 10 474
p479 484 2 487
p467 484 15 471
p474 484 10 496
p476 484 4 480
p471 485 11 495
p468 486 14 486
p469 487 14 478
p480 490 8 492
p475 490 15 498
p477 491 10 489
p487 492 3 505
p481 493 10 502
p482 494 11 495
p484 494 7 503
p488 494 4 509
p489 495 5 495
p485 495 6 488
p483 496 10 502
p490 498 6 501
p486 500 11 500
p493 501 5 496
p492 503 7 505
p496 503 5 503
p498 503 2 520
p499 505 3 516
p500 506 4 513
p491 507 15 497
p494 511 14 505
p495 511 14 518
p503 511 5 514
p506 513 4 509
p505 514 7 518
p502 514 8 524
p509 515 4 522
p497 516 18 507
p510 516 4 530
p507 516 6 524
p504 518 11 522
p501 520 17 515
p508 522 11 525
p511 525 11 514
p519 525 5 537
p521 527 4 525
p522 527 3 543
p523 530 5 526
p512 531 16 528
p513 532 16 533
p514 533 16 524
p524 534 6 528
p517 536 17 527
p529 538 4 537
p520 538 16 532
p515 538 20 526
p516 538 19 524
p533 540 4 537
p518 542 23 538
p530 542 7 533
p527 543 12 533
p538 547 6 545
p539 549 6 546
p535 552 12 545
p537 553 12 543
p534 554 17 541
p525 554 26 535
p526 554 23 550
p544 554 5 557
p545 554 5 562
p528 554 22 538
p540 555 11 543
p531 555 20 539
p532 555 20 536
p543 555 7 551
p536 556 16 554
p546 556 7 551
p551 557 3 556
p541 557 12 559
p553 558 4 566
p542 558 12 554
p549 559 10 560
p550 559 5 555
p556 560 4 567
p547 561 12 553
p548 561 12 560
p559 563 1 580
p552 563 9 564
p554 563 9 561
p560 564 2 568
p555 564 9 560
p561 564 2 574
p557 565 6 578
p558 565 5 574
p563 566 2 570
p562 568 6 566
p564 569 4 576
p566 569 1 571
p565 570 5 584
p567 571 3 587
p570 571 1 590
p568 572 3 589
p572 573 1 582
p571 575 4 587
p574 576 2 593
p569 576 6 589
p575 577 1 589
p573 578 4 588
p578 580 2 586
p576 582 5 597
p577 582 5 598
p579 583 3 583
p581 585 4 602
p583 585 2 588
p580 586 5 586
p584 587 2 605
p582 588 5 604
p585 589 2 593
p586 591 4 595
p587 596 8 591
p591 596 3 610
p589 597 8 602
p588 597 9 609
p593 598 4 596
p596 598 1 614
p590 599 8 612
p595 600 4 607
p592 601 7 597
p598 602 3 604
p594 603 8 607
p599 604 2 621
p597 604 5 607
42731
