p0 3 3 10
p2 4 1 17
p1 6 5 23
p3 9 5 14
p4 10 6 23
p9 12 2 16
p7 12 5 25
p6 13 7 15
p8 13 5 19
p5 13 7 15
p10 14 4 20
p12 14 2 22
p16 18 2 33
p11 18 7 19
p13 24 10 25
p17 24 5 38
p15 24 9 24
p19 25 5 42
p18 26 7 29
p22 26 4 24
p23 27 2 31
p14 27 12 21
p24 32 6 34
p21 35 13 43
p25 35 9 30
p20 35 15 32
p26 35 9 38
p29 36 4 38
p35 39 3 39
p31 39 7 46
p27 40 13 32
p28 42 12 40
p40 44 2 61
p32 44 12 40
p33 44 10 45
p41 46 4 62
p39 47 5 61
p36 48 11 43
p44 48 2 48
p37 48 8 54
p30 48 16 47
p42 48 3 63
p46 49 2 64
p38 49 8 43
p43 52 7 54
p34 52 17 47
p48 53 4 56
p50 56 5 68
p45 56 9 53
p47 57 8 60
p58 60 2 72
p49 63 13 72
p51 64 11 72
p56 64 7 67
p52 64 10 64
p53 65 10 78
p61 65 1 82
p57 65 7 61
p62 65 1 82
p54 67 12 62
p55 68 13 80
p63 68 4 73
p64 68 4 79
p60 70 10 68
p59 71 11 65
p71 75 2 87
p69 75 4 81
p70 75 3 89
p66 79 12 72
p73 80 7 78
p65 80 15 74
p68 80 11 91
p75 80 3 80
p67 81 12 90
p72 83 10 96
p74 84 8 96
p77 84 6 84
p78 86 8 92
p83 92 8 91
p84 94 10 88
p85 96 9 90
p81 96 12 85
p80 100 19 98
p79 102 22 87
p93 102 5 99
p76 102 24 91
p86 105 17 108
p82 105 21 94
p90 106 13 111
p88 108 18 110
p89 108 15 112
p98 110 9 116
p96 112 14 119
p99 112 10 106
p94 113 16 109
p95 114 17 110
p97 114 14 119
p87 114 25 109
p91 114 19 98
p92 115 18 104
1017
