p0 4 4 10
p2 5 2 17
p1 13 12 23
p3 19 15 14
p4 20 16 23
p9 21 12 16
p7 22 14 25
p16 23 2 33
p12 23 9 22
p8 24 15 19
p6 26 19 15
p22 26 4 24
p10 26 14 20
p5 28 21 15
p17 28 7 38
p19 28 6 42
p23 29 3 31
p18 33 11 29
p15 33 15 24
p11 34 21 19
p24 36 10 34
p21 37 15 43
p14 39 21 21
p25 40 14 30
p13 44 29 25
p29 45 13 38
p20 47 25 32
p26 48 21 38
p35 49 10 39
p42 51 3 63
p40 54 8 61
p37 55 14 54
p41 55 7 62
p31 56 22 46
p44 56 8 48
p39 58 13 61
p46 58 10 64
p27 59 30 32
p28 62 33 40
p33 64 29 45
p36 65 26 43
p38 66 25 43
p32 67 33 40
p58 68 6 72
p48 68 14 56
p50 68 14 68
p43 70 22 54
p61 70 4 82
p56 71 10 67
p62 72 6 82
p30 74 40 47
p45 76 28 53
p63 77 11 73
p64 77 11 79
p34 78 40 47
p49 80 26 72
p47 81 31 60
p69 82 7 81
p70 82 7 89
p71 82 7 87
p57 82 20 61
p53 83 26 78
p75 85 7 80
p51 86 31 72
p52 86 31 64
p73 87 11 78
p74 92 14 96
p60 94 28 68
p68 94 24 91
p72 96 20 96
p77 97 18 84
p78 97 17 92
p59 97 32 65
p85 99 9 90
p54 99 40 62
p55 99 40 80
p84 102 13 88
p66 103 35 72
p81 103 18 85
p67 103 33 90
p83 103 16 91
p65 103 37 74
p93 103 5 99
p90 104 11 111
p86 105 15 108
p79 106 24 87
p88 106 14 110
p80 106 23 98
p98 106 4 116
p89 106 13 112
p82 106 21 94
p76 106 27 91
p96 107 6 119
p97 107 5 119
p87 108 18 109
p99 108 5 106
p94 108 9 109
p95 108 8 110
p91 108 14 98
p92 109 14 104
716
