p0 4 4 10
p2 4 1 17
p1 6 5 23
p3 9 5 14
p4 9 5 23
p9 14 5 16
p6 15 9 15
p8 16 8 19
p7 16 9 25
p5 17 11 15
p12 18 6 22
p16 21 3 33
p10 22 10 20
p17 26 6 38
p22 27 4 24
p19 28 8 42
p23 28 2 31
p11 29 17 19
p18 29 9 29
p15 31 14 24
p13 32 16 25
p14 33 17 21
p24 34 7 34
p21 37 14 43
p26 37 10 38
p25 39 12 30
p20 41 21 32
p29 42 11 38
p35 43 5 39
p27 46 19 32
p40 46 3 61
p28 47 19 40
p41 49 4 62
p37 50 11 54
p46 51 3 64
p42 51 5 63
p31 52 17 46
p36 52 14 43
p44 52 6 48
p39 53 13 61
p33 53 17 45
p32 54 19 40
p38 56 17 43
p30 57 25 47
p50 59 8 68
p48 63 13 56
p43 63 17 54
p61 65 2 82
p34 65 27 47
p58 66 4 72
p47 69 19 60
p62 69 5 82
p45 69 21 53
p49 69 18 72
p56 71 10 67
p63 77 12 73
p51 78 24 72
p52 78 24 64
p71 79 3 87
p57 79 18 61
p64 79 14 79
p53 79 23 78
p69 79 6 81
p70 79 5 89
p75 80 3 80
p60 84 21 68
p54 86 30 62
p73 88 11 78
p55 90 34 80
p74 92 15 96
p77 92 12 84
p78 93 13 92
p68 94 24 91
p72 95 18 96
p59 96 33 65
p83 97 12 91
p85 97 7 90
p66 102 33 72
p84 102 13 88
p81 102 18 85
p93 104 8 99
p67 104 34 90
p65 105 37 74
p90 112 19 111
p88 115 24 110
p89 115 22 112
p98 117 11 116
p86 117 27 108
p79 117 35 87
p80 118 35 98
p82 118 34 94
p76 119 40 91
p96 120 16 119
p97 120 15 119
p99 122 14 106
p87 122 32 109
p94 122 23 109
p95 122 22 110
p91 123 29 98
p92 123 28 104
665
