p0 3 3 10
p2 5 2 17
p1 6 5 23
p3 10 6 14
p4 10 6 23
p6 12 6 15
p7 12 5 25
p9 12 3 16
p8 13 5 19
p5 13 7 15
p10 14 4 20
p12 15 3 22
p16 18 2 33
p11 18 7 19
p17 21 3 38
p15 21 6 24
p13 21 7 25
p14 22 7 21
p19 23 3 42
p22 23 1 24
p18 23 4 29
p23 26 2 31
p21 26 5 43
p20 26 6 32
p24 27 2 34
p25 29 4 30
p26 30 4 38
p27 35 8 32
p29 36 5 38
p28 37 9 40
p35 38 2 39
p31 44 11 46
p33 44 9 45
p41 45 1 62
p40 45 3 61
p44 45 1 48
p39 46 5 61
p36 46 10 43
p37 46 7 54
p42 46 2 63
p32 46 12 40
p30 47 16 47
p46 48 2 64
p38 48 9 43
p34 48 12 47
p43 49 5 54
p48 54 5 56
p45 55 9 53
p50 55 4 68
p47 58 10 60
p49 61 11 72
p58 62 4 72
p51 62 9 72
p61 63 2 82
p52 64 10 64
p56 64 6 67
p53 65 11 78
p57 68 10 61
p62 69 4 82
p70 73 2 89
p55 74 18 80
p63 74 7 73
p64 75 8 79
p71 75 3 87
p69 75 4 81
p54 76 21 62
p75 80 3 80
p60 80 19 68
p73 82 6 78
p59 83 22 65
p74 83 6 96
p68 84 13 91
p66 88 18 72
p77 89 10 84
p78 91 12 92
p67 92 22 90
p72 92 17 96
p65 97 29 74
p85 97 8 90
p81 98 13 85
p84 100 12 88
p93 102 4 99
p83 103 16 91
p80 106 26 98
p86 106 17 108
p79 108 28 87
p90 108 15 111
p76 109 31 91
p88 110 19 110
p98 111 11 116
p82 111 25 94
p89 111 18 112
p96 114 14 119
p99 116 12 106
p97 116 16 119
p94 117 19 109
p87 117 28 109
p95 118 20 110
p91 118 23 98
p92 118 22 104
891
