p0 3 3 10
p2 4 1 17
p1 10 9 23
p4 16 12 23
p7 17 9 25
p3 17 13 14
p9 17 7 16
p8 19 10 19
p10 20 10 20
p6 21 14 15
p12 22 9 22
p16 22 4 33
p5 22 15 15
p22 23 1 24
p17 23 4 38
p19 27 6 42
p23 29 4 31
p18 29 9 29
p15 31 15 24
p11 31 18 19
p13 32 17 25
p24 32 6 34
p14 33 17 21
p21 34 12 43
p20 35 14 32
p26 35 8 38
p25 37 11 30
p29 39 8 38
p35 45 7 39
p41 50 5 62
p27 50 22 32
p28 52 23 40
p44 52 4 48
p40 52 9 61
p33 53 19 45
p46 55 5 64
p31 56 23 46
p42 56 9 63
p37 56 16 54
p39 57 15 61
p32 58 24 40
p38 59 19 43
p30 60 29 47
p36 61 23 43
p48 65 12 56
p50 65 11 68
p61 66 4 82
p58 66 5 72
p43 67 20 54
p34 68 30 47
p56 68 8 67
p62 68 3 82
p57 70 10 61
p45 70 20 53
p47 70 19 60
p52 72 16 64
p53 73 17 78
p49 73 19 72
p63 74 8 73
p64 74 8 79
p51 76 20 72
p69 79 6 81
p70 80 6 89
p71 82 7 87
p60 88 27 68
p75 89 9 80
p54 89 33 62
p55 89 32 80
p68 94 26 91
p59 96 35 65
p85 100 9 90
p66 101 34 72
p77 105 21 84
p78 105 21 92
p73 105 28 78
p74 106 28 96
p81 109 25 85
p93 112 11 99
p84 113 26 88
p65 114 48 74
p83 114 28 91
p67 114 46 90
p72 114 37 96
p90 116 19 111
p98 116 8 116
p86 116 25 108
p88 116 22 110
p79 116 32 87
p80 116 32 98
p89 116 19 112
p97 117 10 119
p82 118 33 94
p96 118 12 119
p99 118 8 106
p76 118 35 91
p87 119 26 109
p94 119 17 109
p95 119 16 110
p91 120 22 98
p92 120 20 104
654
