p0 3 3 10
p2 4 1 17
p1 6 5 23
p3 10 6 14
p4 11 7 23
p7 12 5 25
p8 13 5 19
p9 13 4 16
p6 13 7 15
p5 14 8 15
p10 15 4 20
p12 16 4 22
p16 18 2 33
p11 20 9 19
p17 23 4 38
p15 26 10 24
p13 26 12 25
p22 26 3 24
p19 26 6 42
p18 26 7 29
p14 26 10 21
p23 26 1 31
p24 28 3 34
p21 31 9 43
p25 32 7 30
p20 33 13 32
p26 34 8 38
p29 37 7 38
p27 42 15 32
p31 42 10 46
p35 42 3 39
p40 44 3 61
p28 44 15 40
p37 46 6 54
p41 47 3 62
p33 47 13 45
p39 47 6 61
p42 47 3 63
p32 48 16 40
p44 48 4 48
p30 48 16 47
p46 49 2 64
p38 50 9 43
p36 50 11 43
p43 55 11 54
p48 55 5 56
p34 57 19 47
p50 58 6 68
p45 58 11 53
p58 59 1 72
p56 60 3 67
p47 60 10 60
p53 61 7 78
p49 61 10 72
p57 61 4 61
p51 61 7 72
p52 61 7 64
p61 62 1 82
p54 64 8 62
p55 64 8 80
p62 65 2 82
p60 66 6 68
p64 67 3 79
p59 68 9 65
p63 68 4 73
p69 75 4 81
p70 75 3 89
p71 79 6 87
p75 81 4 80
p73 82 7 78
p68 82 13 91
p66 82 15 72
p74 82 6 96
p65 82 17 74
p67 83 14 90
p77 83 4 84
p72 84 9 96
p78 85 6 92
p85 89 2 90
p83 90 5 91
p81 90 7 85
p79 90 10 87
p84 91 6 88
p80 93 12 98
p76 94 15 91
p82 97 13 94
p86 97 10 108
p88 98 9 110
p90 100 9 111
p93 101 6 99
p89 103 12 112
p87 107 19 109
p98 111 10 116
p94 113 16 109
p91 113 22 98
p97 113 12 119
p95 113 16 110
p96 113 14 119
p99 114 11 106
p92 114 20 104
721
