p0 3 3 10
p2 6 3 17
p1 11 10 23
p9 17 8 16
p7 17 10 25
p3 17 13 14
p4 17 12 23
p8 17 8 19
p6 17 10 15
p12 18 4 22
p16 18 1 33
p10 19 8 20
p5 19 12 15
p17 21 3 38
p15 22 7 24
p11 22 9 19
p13 23 8 25
p14 23 8 21
p19 23 3 42
p22 23 1 24
p18 23 4 29
p23 26 2 31
p21 27 6 43
p20 27 7 32
p24 28 3 34
p25 29 4 30
p26 30 4 38
p29 33 3 38
p27 33 6 32
p28 34 6 40
p31 38 6 46
p35 39 3 39
p33 39 6 45
p32 40 8 40
p30 40 9 47
p40 43 2 61
p37 44 6 54
p36 45 9 43
p42 46 2 63
p39 46 7 61
p41 46 3 62
p38 46 7 43
p44 48 4 48
p34 48 13 47
p46 48 1 64
p43 50 6 54
p48 55 6 56
p45 55 9 53
p47 56 8 60
p50 57 7 68
p56 62 5 67
p58 63 5 72
p52 64 11 64
p49 64 14 72
p51 66 14 72
p57 67 10 61
p61 68 3 82
p62 70 4 82
p53 70 15 78
p63 72 5 73
p64 72 5 79
p54 74 18 62
p69 75 5 81
p70 75 5 89
p55 75 19 80
p71 76 2 87
p60 76 16 68
p68 77 8 91
p75 78 3 80
p59 79 19 65
p73 79 5 78
p74 80 6 96
p66 80 12 72
p72 80 6 96
p67 80 12 90
p65 81 14 74
p77 82 3 84
p78 83 4 92
p81 90 7 85
p83 91 8 91
p76 91 13 91
p85 91 2 90
p79 92 12 87
p80 93 13 98
p84 93 8 88
p93 96 1 99
p82 97 14 94
p86 97 8 108
p90 97 5 111
p88 98 9 110
p89 100 8 112
p87 104 15 109
p98 107 9 116
p96 108 10 119
p91 108 16 98
p94 108 13 109
p92 108 15 104
p97 108 10 119
p95 109 12 110
p99 109 7 106
773
