p0 3 3 10
p2 5 2 17
p1 7 6 23
p3 9 5 14
p4 10 6 23
p7 16 8 25
p8 17 9 19
p6 20 14 15
p9 20 9 16
p16 23 5 33
p12 23 10 22
p5 27 21 15
p10 27 16 20
p17 31 12 38
p22 31 6 24
p23 32 5 31
p19 32 10 42
p18 36 16 29
p24 36 8 34
p11 36 24 19
p15 37 19 24
p13 38 22 25
p25 38 10 30
p14 39 22 21
p29 40 9 38
p21 42 19 43
p26 43 15 38
p35 46 8 39
p27 48 19 32
p40 48 5 61
p20 49 26 32
p31 50 17 46
p28 52 22 40
p46 55 5 64
p41 56 10 62
p42 57 11 63
p33 59 25 45
p44 59 10 48
p37 59 19 54
p32 61 28 40
p39 62 20 61
p38 63 22 43
p36 65 27 43
p30 70 39 47
p43 71 25 54
p58 71 9 72
p48 71 18 56
p62 72 6 82
p50 73 19 68
p61 75 10 82
p69 81 6 81
p56 81 20 67
p71 82 6 87
p34 83 46 47
p70 83 8 89
p63 83 15 73
p64 83 15 79
p75 83 3 80
p45 83 33 53
p57 83 21 61
p47 83 31 60
p73 86 9 78
p49 86 32 72
p74 88 11 96
p51 90 34 72
p52 90 34 64
p53 91 33 78
p68 94 22 91
p77 96 13 84
p78 97 14 92
p60 98 35 68
p81 101 18 85
p83 104 21 91
p85 107 13 90
p72 108 31 96
p55 112 52 80
p67 116 44 90
p93 117 11 99
p54 117 58 62
p66 117 45 72
p59 117 54 65
p90 121 21 111
p65 121 52 74
p84 123 31 88
p98 126 16 116
p79 127 44 87
p80 127 44 98
p82 129 46 94
p86 130 36 108
p96 131 22 119
p88 131 34 110
p99 131 19 106
p89 131 32 112
p76 131 48 91
p97 131 21 119
p94 132 25 109
p95 132 24 110
p87 133 38 109
p92 133 30 104
p91 133 32 98
667
