p0 3 3 10
p2 4 1 17
p1 12 11 23
p9 21 10 16
p8 24 15 19
p12 25 12 22
p3 25 21 14
p7 26 18 25
p4 27 22 23
p10 27 16 20
p16 27 8 33
p23 30 2 31
p6 30 23 15
p22 31 4 24
p17 34 13 38
p5 35 28 15
p19 36 14 42
p24 39 11 34
p18 41 20 29
p29 42 11 38
p11 42 30 19
p15 42 25 24
p35 42 2 39
p21 43 19 43
p25 44 16 30
p40 44 3 61
p26 45 17 38
p39 46 5 61
p13 46 30 25
p14 46 29 21
p28 47 18 40
p41 47 5 62
p42 47 2 63
p37 47 6 54
p27 47 19 32
p36 48 8 43
p20 48 25 32
p44 48 3 48
p38 49 8 43
p31 49 12 46
p33 50 11 45
p46 52 5 64
p32 54 16 40
p30 54 23 47
p34 57 17 47
p43 57 12 54
p48 58 7 56
p50 59 8 68
p45 60 13 53
p58 61 3 72
p56 63 5 67
p47 64 14 60
p49 65 14 72
p61 65 3 82
p51 67 13 72
p52 67 13 64
p62 67 3 82
p57 67 9 61
p53 67 13 78
p63 69 4 73
p64 70 5 79
p54 72 14 62
p55 72 14 80
p59 73 14 65
p69 73 2 81
p70 73 2 89
p71 74 3 87
p60 75 13 68
p75 78 2 80
p68 78 7 91
p66 78 11 72
p65 79 14 74
p73 79 3 78
p74 79 3 96
p67 79 9 90
p72 80 5 96
p77 81 3 84
p78 81 3 92
p76 87 9 91
p85 88 2 90
p81 89 7 85
p79 90 11 87
p80 90 10 98
p83 91 7 91
p84 91 6 88
p82 95 12 94
p86 97 11 108
p90 100 9 111
p93 101 4 99
p88 104 15 110
p89 106 15 112
p98 108 6 116
p87 110 21 109
p96 112 12 119
p97 112 10 119
p94 113 15 109
p95 113 14 110
p99 113 9 106
p91 113 22 98
p92 114 20 104
22004
