p0 3 3 10
p2 4 1 17
p1 9 8 23
p7 14 7 25
p3 14 9 14
p9 15 5 16
p8 17 9 19
p6 18 11 15
p4 18 13 23
p10 22 12 20
p16 24 5 33
p12 24 10 22
p5 26 19 15
p22 28 4 24
p19 32 10 42
p17 33 13 38
p23 33 6 31
p18 37 17 29
p11 39 28 19
p24 40 12 34
p15 44 27 24
p35 47 6 39
p26 48 19 38
p29 48 16 38
p41 51 6 62
p13 51 36 25
p40 51 9 61
p25 51 23 30
p14 51 34 21
p44 52 5 48
p21 53 30 43
p46 54 3 64
p42 55 9 63
p33 56 20 45
p20 56 34 32
p27 58 28 32
p37 58 17 54
p39 59 17 61
p31 59 25 46
p36 60 19 43
p28 61 31 40
p38 61 20 43
p32 61 26 40
p48 62 10 56
p50 63 11 68
p58 63 2 72
p43 63 16 54
p61 64 3 82
p30 65 32 47
p34 65 24 47
p56 66 6 67
p62 69 5 82
p45 70 19 53
p51 72 17 72
p52 72 17 64
p47 72 20 60
p57 73 13 61
p49 73 21 72
p64 75 10 79
p53 76 18 78
p63 76 11 73
p69 76 2 81
p70 76 2 89
p71 77 2 87
p60 77 16 68
p75 77 1 80
p54 77 18 62
p55 77 18 80
p59 78 17 65
p73 80 5 78
p68 81 12 91
p74 81 5 96
p72 83 8 96
p66 83 14 72
p67 83 14 90
p65 84 16 74
p78 85 6 92
p77 88 10 84
p83 92 7 91
p85 92 3 90
p81 92 9 85
p84 93 7 88
p80 96 15 98
p90 97 7 111
p79 98 17 87
p76 99 22 91
p86 99 10 108
p93 99 1 99
p82 99 16 94
p88 99 9 110
p89 100 10 112
p98 104 6 116
p87 106 16 109
p96 107 9 119
p97 107 9 119
p94 107 9 109
p91 108 15 98
p95 109 11 110
p99 109 9 106
p92 109 16 104
701
