p0 4 4 10
p2 6 2 17
p1 10 9 23
p3 14 10 14
p4 19 14 23
p9 21 11 16
p7 21 14 25
p6 23 17 15
p8 23 13 19
p16 23 4 33
p12 23 9 22
p5 24 18 15
p10 27 15 20
p22 28 4 24
p17 28 7 38
p19 30 9 42
p23 30 4 31
p18 33 12 29
p15 34 16 24
p11 34 21 19
p24 35 8 34
p21 37 16 43
p29 38 6 38
p25 39 12 30
p26 40 12 38
p13 40 25 25
p14 40 22 21
p35 42 4 39
p20 46 25 32
p27 47 19 32
p41 48 5 62
p40 48 5 61
p33 49 16 45
p31 50 17 46
p42 50 7 63
p28 50 21 40
p37 52 10 54
p32 53 20 40
p44 53 5 48
p46 53 5 64
p39 53 10 61
p38 56 14 43
p36 56 18 43
p43 59 15 54
p30 60 27 47
p48 64 13 56
p50 64 12 68
p61 67 3 82
p34 68 31 47
p58 68 5 72
p62 69 5 82
p56 71 12 67
p45 71 23 53
p47 73 24 60
p57 73 14 61
p52 77 22 64
p49 77 26 72
p63 77 13 73
p71 77 4 87
p64 77 13 79
p51 78 23 72
p69 79 6 81
p70 79 6 89
p53 82 25 78
p60 85 21 68
p75 86 8 80
p73 87 11 78
p74 91 13 96
p54 93 36 62
p68 94 26 91
p55 94 37 80
p77 98 19 84
p78 98 18 92
p59 98 35 65
p81 101 16 85
p85 102 11 90
p66 102 34 72
p93 103 5 99
p67 103 35 90
p72 103 28 96
p65 107 39 74
p83 108 23 91
p84 109 22 88
p90 109 12 111
p98 110 11 116
p86 110 18 108
p79 111 28 87
p88 111 15 110
p80 111 27 98
p89 111 14 112
p82 111 26 94
p96 111 13 119
p76 111 32 91
p97 111 12 119
p99 112 7 106
p94 112 14 109
p95 112 14 110
p87 113 19 109
p91 113 15 98
p92 113 15 104
661
