p0 3 3 10
p2 4 1 17
p1 6 5 23
p3 10 6 14
p4 10 6 23
p7 12 5 25
p9 13 4 16
p6 13 7 15
p8 13 5 19
p5 14 8 15
p10 15 5 20
p12 17 5 22
p16 19 2 33
p17 23 5 38
p11 24 13 19
p22 25 3 24
p23 28 3 31
p19 30 9 42
p15 30 14 24
p18 33 13 29
p14 33 18 21
p13 35 21 25
p24 36 9 34
p29 39 9 38
p25 41 14 30
p35 41 5 39
p21 42 20 43
p20 44 22 32
p26 44 17 38
p40 44 2 61
p27 48 19 32
p41 50 8 62
p31 51 16 46
p46 53 4 64
p36 54 18 43
p42 54 8 63
p44 54 7 48
p37 54 12 54
p28 54 24 40
p33 54 18 45
p39 54 12 61
p32 56 20 40
p38 60 18 43
p43 63 17 54
p48 64 13 56
p58 64 4 72
p50 66 14 68
p30 66 31 47
p34 67 31 47
p61 69 4 82
p62 71 5 82
p56 72 13 67
p45 77 28 53
p49 79 27 72
p47 79 28 60
p69 79 2 81
p70 79 1 89
p71 80 2 87
p53 81 25 78
p57 82 23 61
p63 82 15 73
p64 82 15 79
p75 82 4 80
p51 82 28 72
p52 83 29 64
p73 84 6 78
p74 84 6 96
p55 85 27 80
p77 86 8 84
p78 86 8 92
p60 88 25 68
p68 88 12 91
p54 88 31 62
p72 91 13 96
p85 91 3 90
p59 94 32 65
p66 94 22 72
p81 95 12 85
p83 95 12 91
p67 95 20 90
p84 95 11 88
p65 96 29 74
p93 99 3 99
p79 99 20 87
p76 102 24 91
p90 104 11 111
p80 105 22 98
p82 107 24 94
p86 109 21 108
p88 113 23 110
p98 115 13 116
p89 115 23 112
p99 120 16 106
p87 120 30 109
p94 121 25 109
p95 122 26 110
p96 122 21 119
p97 122 20 119
p91 123 29 98
p92 123 28 104
843
