p0 3 3 10
p2 4 1 17
p1 6 5 23
p3 9 5 14
p4 10 6 23
p6 13 7 15
p9 13 3 16
p7 13 6 25
p8 14 6 19
p12 15 3 22
p5 15 9 15
p10 16 6 20
p16 19 3 33
p11 22 11 19
p17 30 10 38
p22 31 6 24
p19 33 11 42
p23 34 7 31
p15 36 20 24
p13 36 22 25
p14 37 21 21
p24 38 11 34
p18 39 18 29
p25 43 16 30
p26 45 18 38
p29 48 15 38
p35 48 12 39
p21 52 28 43
p40 53 9 61
p41 55 9 62
p44 59 7 48
p42 60 10 63
p39 61 18 61
p31 61 26 46
p46 61 8 64
p28 62 30 40
p33 62 27 45
p27 63 35 32
p20 63 40 32
p37 63 21 54
p32 64 29 40
p36 65 29 43
p48 65 9 56
p58 65 5 72
p50 68 10 68
p38 68 26 43
p61 68 5 82
p62 69 4 82
p56 71 11 67
p30 71 37 47
p34 73 37 47
p43 73 22 54
p57 77 17 61
p63 81 16 73
p64 82 17 79
p45 82 29 53
p69 84 10 81
p70 85 11 89
p71 86 11 87
p75 87 2 80
p47 89 34 60
p49 91 33 72
p51 91 33 72
p52 91 33 64
p53 91 32 78
p73 96 17 78
p60 96 34 68
p85 96 8 90
p77 97 11 84
p78 98 12 92
p68 99 28 91
p74 101 22 96
p59 102 41 65
p54 102 43 62
p84 102 16 88
p55 103 44 80
p72 106 28 96
p81 107 21 85
p83 107 21 91
p66 109 39 72
p90 111 19 111
p67 112 41 90
p93 113 16 99
p65 114 48 74
p86 114 25 108
p88 115 23 110
p89 115 23 112
p98 115 9 116
p79 115 29 87
p80 115 29 98
p82 115 29 94
p76 116 30 91
p96 116 11 119
p97 116 10 119
p99 116 10 106
p94 117 18 109
p95 117 17 110
p87 117 25 109
p91 117 24 98
p92 117 21 104
16979
