p0 3 3 10
p2 4 1 17
p1 6 5 23
p3 9 5 14
p4 9 5 23
p7 11 3 25
p8 12 4 19
p6 12 6 15
p9 12 3 16
p5 12 6 15
p10 14 4 20
p12 15 3 22
p11 19 8 19
p16 21 4 33
p22 28 3 24
p23 28 2 31
p17 28 8 38
p13 29 15 25
p19 30 8 42
p15 30 15 24
p24 32 5 34
p18 33 12 29
p14 34 19 21
p25 46 19 30
p29 46 13 38
p26 47 20 38
p35 48 8 39
p21 49 25 43
p20 53 30 32
p40 53 10 61
p37 55 14 54
p41 55 10 62
p46 55 4 64
p42 55 8 63
p44 56 8 48
p27 56 29 32
p31 57 21 46
p28 58 30 40
p33 58 21 45
p39 61 19 61
p36 65 25 43
p38 68 27 43
p48 68 15 56
p50 68 15 68
p32 68 32 40
p58 68 5 72
p61 70 5 82
p43 71 24 54
p62 71 6 82
p34 76 38 47
p30 76 41 47
p56 76 15 67
p63 79 12 73
p64 79 12 79
p45 79 28 53
p69 79 6 81
p70 79 5 89
p75 80 3 80
p71 80 4 87
p47 80 28 60
p57 80 19 61
p49 80 27 72
p53 80 23 78
p51 84 29 72
p52 84 29 64
p73 87 10 78
p68 88 19 91
p54 89 31 62
p60 90 27 68
p74 90 13 96
p77 91 10 84
p85 91 1 90
p55 92 33 80
p72 93 16 96
p67 94 25 90
p59 96 33 65
p66 96 28 72
p78 97 15 92
p83 99 13 91
p84 101 14 88
p81 103 18 85
p65 107 39 74
p90 109 19 111
p93 112 14 99
p79 118 36 87
p88 120 30 110
p80 121 37 98
p89 121 31 112
p82 122 37 94
p86 123 33 108
p98 124 18 116
p76 127 50 91
p97 129 23 119
p96 129 26 119
p99 130 24 106
p87 131 41 109
p94 132 32 109
p95 132 31 110
p91 132 35 98
p92 133 36 104
869
