p0 5 5 10
p2 6 3 17
p1 16 15 23
p9 18 7 16
p16 19 2 33
p3 20 16 14
p8 22 13 19
p4 23 18 23
p7 23 15 25
p12 24 10 22
p6 25 18 15
p10 26 13 20
p23 31 4 31
p22 33 8 24
p17 34 15 38
p5 37 30 15
p19 39 17 42
p18 43 23 29
p24 44 16 34
p15 45 28 24
p13 46 31 25
p11 47 33 19
p35 47 6 39
p42 48 5 63
p29 49 15 38
p40 49 6 61
p41 51 8 62
p21 53 29 43
p44 54 5 48
p37 55 12 54
p14 55 39 21
p25 55 27 30
p39 55 12 61
p26 55 26 38
p20 61 39 32
p46 62 12 64
p27 62 32 32
p31 63 28 46
p28 64 33 40
p33 66 29 45
p36 68 27 43
p38 69 26 43
p50 71 15 68
p62 72 5 82
p32 73 37 40
p58 73 10 72
p48 73 20 56
p61 73 7 82
p43 73 30 54
p34 77 38 47
p69 77 4 81
p70 78 5 89
p56 79 17 67
p71 79 6 87
p30 82 47 47
p63 83 14 73
p64 84 15 79
p57 91 29 61
p45 91 42 53
p75 96 12 80
p47 97 46 60
p49 101 45 72
p73 106 33 78
p51 106 49 72
p52 107 49 64
p85 110 13 90
p74 117 34 96
p53 119 59 78
p68 120 48 91
p93 120 14 99
p60 120 56 68
p77 120 32 84
p78 120 32 92
p72 121 48 96
p81 121 28 85
p83 121 27 91
p84 121 26 88
p54 121 60 62
p55 121 60 80
p90 121 20 111
p66 122 52 72
p67 122 50 90
p59 122 59 65
p98 122 12 116
p86 122 25 108
p65 122 53 74
p88 122 22 110
p89 122 21 112
p96 123 14 119
p97 123 13 119
p99 123 11 106
p79 123 34 87
p80 124 33 98
p82 124 31 94
p94 124 16 109
p95 124 16 110
p76 124 36 91
p87 125 26 109
p91 125 23 98
p92 125 23 104
653
