p0 0 3 18
p1 1 3 24
p2 3 3 19
p3 3 1 19
p4 5 3 27
p5 5 2 21
p6 6 2 25
p7 7 1 28
p8 9 2 31
p9 10 2 17
p10 10 2 15
p11 11 2 21
p12 12 3 30
p13 13 1 19
p14 14 2 24
p15 16 3 29
p16 16 2 19
p17 17 1 35
p18 18 1 24
p19 19 2 40
p20 20 1 26
p21 21 1 29
p22 22 3 28
p23 24 2 44
p24 24 1 30
p25 25 3 48
p26 27 2 32
p27 27 2 45
p28 28 2 47
p29 29 1 43
p30 31 1 33
p31 31 3 49
p32 32 1 45
p33 33 1 52
p34 34 1 40
p35 35 3 56
p36 37 1 40
p37 37 3 55
p38 39 3 57
p39 39 3 43
p40 41 2 46
p41 42 3 47
p42 42 3 51
p43 44 1 46
p44 44 2 57
p45 45 3 64
p46 47 3 55
p47 48 3 62
p48 49 3 53
p49 49 1 69
p50 50 2 68
p51 51 3 62
p52 53 2 65
p53 53 3 63
p54 54 1 73
p55 55 1 62
p56 57 2 62
p57 57 2 78
p58 59 3 75
p59 59 2 62
p60 61 3 79
p61 61 1 69
p62 62 1 78
p63 63 3 73
p64 64 3 83
p65 65 2 73
p66 67 2 83
p67 67 1 74
p68 68 2 85
p69 69 1 85
p70 71 1 92
p71 71 1 74
p72 72 2 90
p73 73 2 92
p74 74 2 91
p75 75 1 87
p76 76 1 90
p77 77 1 83
p78 78 2 98
p79 79 2 93
p80 80 2 90
p81 81 3 87
p82 82 1 87
p83 84 1 105
p84 85 2 89
p85 85 3 94
p86 87 2 106
p87 87 1 106
p88 88 3 110
p89 90 1 102
p90 90 1 105
p91 91 3 97
p92 93 1 102
p93 93 2 97
p94 94 3 110
p95 95 3 106
p96 96 1 102
p97 97 1 102
p98 99 2 113
p99 100 1 106
p100 100 3 110
p101 101 1 103
p102 102 3 120
p103 103 2 107
p104 105 2 120
p105 105 2 113
p106 107 3 114
p107 107 3 117
p108 108 1 119
p109 109 2 127
p110 110 3 117
p111 111 2 117
p112 112 1 121
p113 114 1 126
p114 115 2 130
p115 116 1 135
p116 116 1 120
p117 117 3 134
p118 118 3 132
p119 119 2 141
p120 120 1 125
p121 121 1 138
p122 122 3 136
p123 123 1 139
p124 125 1 136
p125 125 2 147
p126 127 2 135
p127 128 2 140
p128 128 2 139
p129 130 1 145
p130 130 3 153
p131 131 2 140
p132 132 2 141
p133 133 2 136
p134 134 3 141
p135 136 3 145
p136 137 3 158
p137 137 3 151
p138 139 2 156
p139 139 3 150
p140 140 2 158
p141 141 1 158
p142 142 3 147
p143 144 3 157
p144 145 2 161
p145 145 1 161
p146 146 1 161
p147 148 2 162
p148 148 3 155
p149 149 2 161
p150 150 2 163
p151 151 1 154
p152 152 3 166
p153 153 1 169
p154 154 1 167
p155 155 1 176
p156 157 3 170
p157 158 3 172
p158 159 1 173
p159 159 2 164
p160 160 1 169
p161 161 2 181
p162 163 1 176
p163 164 2 170
p164 165 2 185
p165 165 2 173
p166 167 2 174
p167 167 3 175
p168 168 3 186
p169 170 3 184
p170 170 3 185
p171 171 2 185
p172 173 2 187
p173 173 3 183
p174 174 3 193
p175 175 2 192
p176 176 3 194
p177 177 3 197
p178 179 1 192
p179 179 1 196
p180 180 2 200
p181 182 3 198
p182 182 2 193
p183 183 2 187
p184 184 2 202
p185 185 3 200
p186 186 2 197
p187 187 2 202
p188 188 3 192
p189 189 2 210
p190 190 2 200
p191 191 2 212
p192 192 1 211
p193 194 1 203
p194 195 3 201
p195 196 2 207
p196 196 2 205
p197 198 1 202
p198 198 3 220
p199 199 2 204
p200 200 1 206
p201 201 1 210
p202 202 1 211
p203 203 2 216
p204 204 3 215
p205 206 1 221
p206 206 3 212
p207 208 1 222
p208 209 3 224
p209 209 2 230
p210 211 2 228
p211 212 1 229
p212 213 3 234
p213 213 2 226
p214 214 1 229
p215 215 1 232
p216 216 2 238
p217 217 1 225
p218 219 2 237
p219 220 1 229
p220 220 3 228
p221 222 3 227
p222 222 3 242
p223 223 2 234
p224 225 1 233
p225 225 2 230
p226 226 3 244
p227 227 1 231
p228 229 1 239
p229 229 3 234
p230 231 2 251
p231 231 3 243
p232 232 1 252
p233 233 3 246
p234 234 2 252
p235 235 1 241
p236 237 3 246
p237 237 2 247
p238 239 2 260
p239 239 2 256
p240 241 3 258
p241 241 2 253
p242 242 2 254
p243 244 2 250
p244 245 3 257
p245 245 2 250
p246 246 3 266
p247 247 2 269
p248 248 3 263
p249 250 2 262
p250 251 2 268
p251 251 1 269
p252 253 2 266
p253 253 3 259
p254 254 2 269
p255 256 1 275
p256 257 3 262
p257 258 3 263
p258 259 1 261
p259 259 2 268
p260 261 3 277
p261 262 3 275
p262 263 1 277
p263 264 1 277
p264 264 2 275
p265 265 3 279
p266 267 3 281
p267 267 2 278
p268 269 3 280
p269 269 2 291
p270 270 3 275
p271 271 2 289
p272 272 3 282
p273 274 3 291
p274 274 2 286
p275 276 2 295
p276 276 2 293
p277 277 3 294
p278 279 1 293
p279 280 3 297
p280 280 3 303
p281 281 3 296
p282 283 2 295
p283 283 1 302
p284 284 3 304
p285 285 1 305
p286 286 2 303
p287 288 1 293
p288 289 1 299
p289 289 3 312
p290 290 2 305
p291 291 2 308
p292 292 3 306
p293 293 1 304
p294 295 3 317
p295 295 3 309
p296 297 1 305
p297 297 2 318
p298 298 1 304
p299 299 2 303
p300 300 1 302
p301 301 1 304
p302 302 2 324
p303 304 2 313
p304 304 3 309
p305 305 2 315
p306 306 3 310
p307 308 2 324
p308 308 2 316
p309 310 2 317
p310 311 2 332
p311 311 1 329
p312 312 3 327
p313 313 3 319
p314 315 3 321
p315 315 3 333
p316 316 2 336
p317 317 2 337
p318 319 3 340
p319 319 2 328
p320 320 3 339
p321 321 1 331
p322 322 3 345
p323 324 1 337
p324 324 2 339
p325 325 1 341
p326 326 1 335
p327 327 1 337
p328 328 1 339
p329 329 3 346
p330 330 1 334
p331 331 3 343
p332 333 2 336
p333 333 3 346
p334 334 1 342
p335 335 3 351
p336 336 1 353
p337 337 3 347
p338 338 2 352
p339 339 2 357
p340 340 1 345
p341 341 3 350
p342 342 1 345
p343 344 3 359
p344 345 2 348
p345 346 1 360
p346 347 3 358
p347 348 1 358
p348 348 1 360
p349 350 2 365
p350 350 1 352
p351 352 3 362
p352 352 1 359
p353 353 2 366
p354 354 1 360
p355 356 2 377
p356 356 2 359
p357 358 1 365
p358 358 2 377
p359 359 1 361
p360 360 3 368
p361 362 3 366
p362 362 3 372
p363 364 3 372
p364 364 2 381
p365 365 2 371
p366 367 3 378
p367 367 1 379
p368 369 1 373
p369 369 3 386
p370 370 3 393
p371 371 1 388
p372 372 1 374
p373 373 1 377
p374 374 3 386
p375 376 3 396
p376 377 1 379
p377 377 3 390
p378 378 3 393
p379 380 3 403
p380 380 3 399
p381 381 2 395
p382 382 1 397
p383 383 3 406
p384 385 1 393
p385 385 2 404
p386 386 1 402
p387 388 3 393
p388 389 2 398
p389 389 3 398
p390 390 1 411
p391 392 2 399
p392 393 3 401
p393 393 3 399
p394 394 3 415
p395 395 3 418
p396 397 2 416
p397 397 3 416
p398 398 3 409
p399 399 2 419
p400 400 1 416
p401 402 2 411
p402 402 2 421
p403 404 2 411
p404 404 1 410
p405 406 1 417
p406 406 1 418
p407 407 2 422
p408 409 1 415
p409 409 1 413
p410 410 1 425
p411 411 2 419
p412 412 3 428
p413 414 3 435
p414 415 2 429
p415 415 3 422
p416 416 2 426
p417 418 2 440
p418 419 2 424
p419 420 2 423
p420 421 1 435
p421 421 1 440
p422 423 3 439
p423 423 3 427
p424 425 3 438
p425 426 2 439
p426 426 3 446
p427 428 3 447
p428 429 1 434
p429 429 3 451
p430 431 3 440
p431 432 2 439
p432 432 1 434
p433 433 3 447
p434 434 3 448
p435 435 2 444
p436 436 3 457
p437 438 3 445
p438 438 1 450
p439 439 2 446
p440 440 2 450
p441 441 2 457
p442 442 2 451
p443 443 1 448
p444 445 1 456
p445 445 1 455
p446 447 3 454
p447 448 1 455
p448 448 1 452
p449 450 1 459
p450 450 3 467
p451 451 1 453
p452 452 1 461
p453 453 3 457
p454 454 1 465
p455 456 1 461
p456 456 1 461
p457 458 1 467
p458 458 3 472
p459 459 1 468
p460 461 1 479
p461 461 2 479
p462 463 2 481
p463 463 3 467
p464 464 3 481
p465 466 2 481
p466 467 3 486
p467 467 3 471
p468 469 3 486
p469 469 3 478
p470 470 3 474
p471 472 3 495
p472 472 2 476
p473 473 1 493
p474 474 2 496
p475 475 3 498
p476 476 1 480
p477 477 3 489
p478 478 1 481
p479 480 1 487
p480 480 2 492
p481 482 3 502
p482 482 3 495
p483 483 3 502
p484 484 2 503
p485 485 2 488
p486 486 3 500
p487 487 2 505
p488 489 2 509
p489 489 2 495
p490 491 1 501
p491 491 3 497
p492 492 2 505
p493 493 1 496
p494 495 3 505
p495 495 3 518
p496 497 1 503
p497 497 3 507
p498 499 1 520
p499 500 1 516
p500 501 1 513
p501 502 3 515
p502 503 2 524
p503 503 1 514
p504 505 2 522
p505 505 1 518
p506 507 1 509
p507 507 1 524
p508 509 2 525
p509 509 1 522
p510 510 1 530
p511 511 2 514
p512 512 3 528
p513 514 3 533
p514 514 3 524
p515 515 3 526
p516 516 3 524
p517 517 3 527
p518 518 3 538
p519 519 1 537
p520 520 2 532
p521 521 1 525
p522 522 1 543
p523 523 1 526
p524 525 1 528
p525 525 3 535
p526 527 3 550
p527 527 2 533
p528 528 3 538
p529 529 1 537
p530 530 1 533
p531 532 3 539
p532 532 3 536
p533 533 1 537
p534 534 2 541
p535 536 2 545
p536 537 3 554
p537 537 2 543
p538 538 1 545
p539 540 1 546
p540 540 2 543
p541 541 3 559
p542 542 3 554
p543 544 2 551
p544 544 1 557
p545 545 1 562
p546 546 2 551
p547 547 3 553
p548 549 3 560
p549 549 3 560
p550 550 2 555
p551 552 2 556
p552 553 3 564
p553 553 2 566
p554 554 3 561
p555 555 3 560
p556 556 1 567
p557 557 2 578
p558 558 2 574
p559 560 1 580
p560 561 1 568
p561 562 1 574
p562 562 3 566
p563 563 2 570
p564 565 2 576
p565 565 2 584
p566 566 1 571
p567 567 2 587
p568 568 2 589
p569 570 3 589
p570 570 1 590
p571 571 2 587
p572 572 1 582
p573 573 3 588
p574 574 1 593
p575 576 1 589
p576 577 3 597
p577 577 3 598
p578 578 1 586
p579 579 2 583
p580 581 2 586
p581 581 1 602
p582 582 2 604
p583 583 1 588
p584 584 1 605
p585 586 1 593
p586 586 2 595
p587 587 3 591
p588 588 3 609
p589 589 2 602
p590 590 3 612
p591 591 1 610
p592 592 3 597
p593 593 2 596
p594 594 3 607
p595 595 2 607
p596 596 1 614
p597 598 2 607
p598 598 1 604
p599 600 1 621
