p0 0 3 10
p1 1 5 23
p2 3 1 17
p3 4 4 14
p4 4 4 23
p5 6 5 15
p6 6 4 15
p7 7 3 25
p8 8 3 19
p9 9 2 16
p10 10 3 20
p11 11 5 19
p12 12 2 22
p13 14 5 25
p14 15 5 21
p15 15 4 24
p16 16 1 33
p17 18 2 38
p18 19 3 29
p19 20 2 42
p20 20 5 32
p21 21 4 43
p22 22 1 24
p23 24 1 31
p24 25 2 34
p25 25 3 30
p26 26 3 38
p27 27 4 32
p28 28 4 40
p29 30 2 38
p30 31 5 47
p31 32 3 46
p32 32 4 40
p33 33 3 45
p34 35 5 47
p35 36 1 39
p36 36 3 43
p37 38 2 54
p38 38 3 43
p39 39 2 61
p40 40 1 61
p41 42 1 62
p42 43 1 63
p43 43 3 54
p44 44 1 48
p45 46 4 53
p46 46 1 64
p47 48 4 60
p48 49 2 56
p49 50 4 72
p50 50 2 68
p51 52 4 72
p52 52 4 64
p53 54 4 78
p54 55 5 62
p55 55 5 80
p56 57 2 67
p57 57 3 61
p58 58 1 72
p59 59 5 65
p60 60 4 68
p61 61 1 82
p62 63 1 82
p63 64 2 73
p64 64 2 79
p65 65 5 74
p66 67 4 72
p67 68 4 90
p68 68 3 91
p69 70 1 81
p70 70 1 89
p71 71 1 87
p72 73 3 96
p73 73 2 78
p74 74 2 96
p75 75 1 80
p76 77 5 91
p77 78 2 84
p78 78 2 92
p79 79 4 87
p80 80 4 98
p81 82 2 85
p82 82 4 94
p83 83 2 91
p84 84 2 88
p85 86 1 90
p86 86 3 108
p87 87 5 109
p88 88 3 110
p89 90 3 112
p90 90 2 111
p91 91 5 98
p92 92 5 104
p93 94 1 99
p94 95 4 109
p95 96 4 110
p96 97 3 119
p97 98 3 119
p98 98 2 116
p99 100 3 106
